1	100
1	112
1	382
1	416
1	515
1	586
1	691
1	692
1	784
1	785
1	955
2	154
2	733
2	1938
3	963
4	635
5	589
6	37
6	64
6	98
6	604
6	917
6	950
7	21
7	65
7	664
7	683
8	391
8	617
8	1002
8	1005
9	869
9	1987
10	159
10	203
10	261
10	560
10	821
10	971
11	391
11	441
12	388
12	946
13	509
13	778
13	1742
14	251
15	545
15	869
15	1631
16	391
17	146
18	489
18	602
18	664
18	833
19	60
19	848
20	496
21	664
22	681
22	1679
23	119
23	304
23	336
23	391
23	456
23	470
23	600
23	669
23	700
23	900
24	310
24	705
25	128
25	393
25	407
25	686
25	948
25	953
26	70
26	297
26	358
26	462
26	656
26	684
26	889
27	87
27	264
27	1635
28	394
29	49
29	55
29	106
29	107
29	154
29	276
29	391
29	423
29	523
29	634
29	715
29	749
29	988
29	1000
30	741
30	793
30	794
30	819
30	860
31	472
31	506
31	1204
31	1240
31	1283
31	1651
31	1789
31	1992
31	2065
31	2150
32	298
32	472
32	647
32	733
32	780
32	883
32	1283
32	1358
32	1490
32	1741
32	2083
32	2203
32	2666
32	2775
32	2813
32	3029
33	593
33	666
33	687
33	688
33	698
33	846
34	261
35	181
35	367
35	574
35	698
35	700
35	829
35	830
35	1588
36	93
36	501
36	644
36	815
37	98
37	275
37	330
37	662
37	917
38	80
38	183
38	311
38	445
38	829
38	1268
38	1725
38	2465
39	644
40	489
40	1011
41	147
41	149
41	178
41	412
41	481
41	622
41	626
41	661
41	848
41	850
42	419
42	2774
43	488
43	489
43	645
44	848
45	633
45	679
45	869
46	734
46	752
47	848
48	214
48	779
49	107
49	423
49	749
50	848
51	764
52	319
52	356
52	357
52	365
52	391
52	439
52	440
52	471
52	482
52	483
52	484
52	517
52	598
52	617
52	748
52	1006
53	613
54	162
54	310
55	68
55	185
55	276
55	391
55	423
55	523
55	700
55	715
55	749
55	957
55	999
55	1000
56	972
56	973
56	2197
56	3280
57	173
57	506
57	1493
57	1825
57	3292
58	158
58	1128
58	1254
58	1537
58	1609
58	1637
58	1683
58	1770
58	1982
59	181
59	303
59	391
59	415
59	440
59	555
59	698
60	605
60	848
61	444
61	587
62	945
62	987
63	803
63	2594
64	98
64	275
64	330
64	662
64	917
64	950
65	92
65	211
65	240
65	570
65	644
66	153
66	219
66	267
66	877
66	993
67	332
68	106
68	177
68	292
68	617
68	715
68	749
68	999
68	1000
68	1001
69	302
70	266
70	277
70	297
70	339
70	356
70	357
70	373
70	462
70	506
70	517
71	632
71	660
71	751
72	191
72	940
73	675
74	895
75	992
76	496
77	675
78	736
78	814
78	917
79	506
79	535
79	733
80	104
80	279
80	461
80	829
80	1020
80	1725
80	2461
80	2678
80	3163
81	270
81	1546
82	848
83	391
83	659
84	275
84	644
85	744
85	987
86	367
86	391
86	620
86	698
86	699
86	700
87	263
87	273
87	461
87	462
87	540
87	586
87	627
87	770
87	798
87	1007
88	598
89	153
89	155
89	267
89	780
89	781
89	906
89	1282
89	1999
89	2000
89	2074
90	547
90	549
90	789
91	475
91	863
91	1632
92	683
92	796
94	448
94	764
94	801
95	286
95	374
95	375
95	391
95	440
95	445
95	446
96	572
96	575
96	699
96	2924
97	914
97	998
98	330
98	662
98	950
99	391
99	700
100	724
100	932
100	953
101	681
102	543
103	268
104	273
104	365
104	391
105	130
105	132
105	135
105	141
106	177
106	181
106	276
106	423
106	523
106	700
106	715
106	749
106	999
106	1000
107	185
107	276
107	292
107	391
107	423
107	443
107	523
107	555
107	700
107	715
107	749
107	999
107	1000
108	266
108	277
108	339
108	373
108	503
109	174
109	384
109	839
109	1495
109	2126
110	324
110	849
111	585
113	918
114	383
115	330
116	570
116	672
117	411
120	382
120	811
121	635
122	644
122	815
122	817
122	867
123	264
123	298
123	472
123	1005
123	2746
124	311
124	548
124	669
124	670
125	882
126	823
127	244
127	618
128	298
128	472
129	639
130	590
131	183
131	1499
131	2362
132	590
133	565
134	324
134	1099
135	590
135	692
136	320
136	371
136	611
136	716
136	717
137	644
137	810
137	815
138	331
138	417
139	487
139	848
140	496
140	732
141	590
142	145
142	419
142	1003
143	417
143	473
143	497
144	705
145	147
145	282
145	417
145	454
145	823
145	1003
146	473
146	498
146	543
146	823
147	231
147	417
147	419
147	823
147	908
148	391
148	457
148	928
149	231
150	151
150	326
150	327
150	638
150	918
150	1510
150	1702
151	327
151	638
151	918
151	1510
151	1702
152	391
152	599
153	267
153	292
153	567
153	574
154	276
154	292
154	391
154	423
154	523
154	700
154	715
154	749
155	292
155	391
155	461
155	484
156	391
156	700
157	391
157	700
158	291
158	642
159	569
159	584
159	971
160	286
160	292
160	505
160	548
161	597
161	754
161	855
161	981
162	310
163	783
164	291
165	354
165	953
166	864
167	657
167	732
168	292
168	365
168	391
168	440
168	463
168	609
168	640
168	800
169	609
170	294
171	288
171	307
171	349
171	495
171	521
171	847
172	507
172	818
173	506
173	1169
173	1935
174	385
174	515
174	839
175	411
175	510
176	480
177	391
177	831
177	988
177	999
178	231
179	229
179	233
179	237
180	268
180	298
180	439
180	472
180	574
180	647
180	780
180	1076
180	1283
180	1651
180	1922
180	1992
181	304
181	391
181	573
181	689
181	699
181	718
181	843
181	988
182	848
183	279
183	391
183	524
184	186
184	453
184	606
184	2208
184	3118
185	423
185	540
185	587
185	695
185	698
185	715
185	1000
185	1001
185	1250
185	1762
185	3253
186	606
186	2642
186	2856
186	3044
186	3268
187	848
187	967
188	848
189	532
189	792
189	815
190	392
190	484
192	410
192	662
192	848
193	608
194	759
194	760
194	761
195	266
195	373
195	423
195	446
195	3123
196	754
197	390
197	974
198	648
198	899
199	417
200	607
200	2856
201	391
201	583
202	384
202	839
202	1495
202	2126
203	256
203	386
203	387
203	388
203	585
203	655
203	848
203	933
203	934
204	240
204	275
204	662
205	651
205	946
206	671
207	508
207	1629
208	500
209	496
209	660
210	348
210	642
211	280
211	683
212	660
213	391
213	440
213	964
214	294
214	397
214	398
214	448
214	873
215	655
215	861
216	673
217	292
217	685
218	592
218	616
218	725
219	726
219	733
219	1248
219	1490
219	1725
219	2105
219	2402
219	2639
219	3304
220	391
220	682
221	620
222	391
223	925
224	709
225	698
226	654
227	632
227	987
228	754
229	296
229	306
230	626
231	412
231	481
231	622
231	626
232	391
232	682
233	296
233	306
234	293
234	391
234	421
235	365
235	391
235	572
236	593
236	740
236	1069
236	1227
236	1569
237	296
237	306
238	980
239	609
240	499
240	644
240	683
240	705
241	387
241	585
241	619
241	655
241	795
241	933
242	411
242	632
242	660
243	823
243	848
243	980
244	618
245	365
245	391
245	440
245	484
245	548
245	927
246	723
246	1010
247	811
247	2560
248	807
248	934
248	1004
249	391
249	682
250	389
251	692
252	303
252	365
252	374
252	439
252	518
252	669
252	670
252	700
252	746
252	1957
253	291
254	365
254	391
254	440
254	484
254	548
254	927
255	391
256	655
257	448
258	557
258	574
259	945
260	365
260	391
260	440
260	484
260	548
260	927
261	291
262	524
263	273
263	374
263	472
263	542
263	674
263	781
263	798
263	888
264	284
264	312
264	345
264	425
264	426
264	427
264	461
264	567
264	686
264	769
264	770
264	797
264	841
265	724
265	816
266	502
266	503
266	568
266	656
266	889
267	298
267	686
267	733
267	906
267	2082
267	3192
268	781
269	562
269	669
270	879
271	869
272	488
272	489
272	613
272	644
272	645
272	691
273	286
273	311
273	472
273	517
273	781
273	828
273	888
274	433
274	434
275	736
275	917
276	470
276	620
276	698
276	957
276	988
276	1001
276	1250
277	464
277	472
277	556
277	581
277	582
277	656
277	828
277	889
277	902
277	903
278	952
279	311
279	445
279	829
279	1176
279	1268
279	1725
279	2465
280	359
280	2293
280	2970
280	3006
280	3007
281	325
281	351
281	918
282	419
282	420
282	585
282	823
282	862
283	632
284	312
285	430
285	733
285	1514
286	357
286	446
286	472
286	698
286	897
286	2483
287	545
287	546
288	338
288	676
288	693
288	847
289	616
289	918
290	733
291	784
291	785
292	318
292	337
292	357
292	446
292	463
292	471
292	483
292	502
292	517
292	591
292	641
292	674
292	684
292	695
292	709
292	747
292	927
292	928
292	1715
292	3131
294	397
294	398
294	652
294	779
295	589
296	476
296	536
296	603
296	635
296	733
296	772
296	883
297	448
297	656
297	1008
298	505
298	542
298	798
298	803
298	1233
298	3016
299	765
299	1011
300	469
300	649
301	419
302	2246
303	365
303	439
303	440
303	747
303	805
303	912
304	391
304	699
304	842
305	635
306	430
306	1513
306	1711
307	616
308	848
309	869
309	1987
311	518
311	575
311	700
312	2106
312	2530
312	2531
313	316
314	316
314	644
314	662
314	851
315	316
315	644
315	662
317	411
317	623
318	391
319	391
319	482
319	598
320	789
321	731
321	737
321	738
321	1010
322	826
323	686
324	513
324	514
324	515
325	327
325	638
325	1510
325	1702
326	327
326	638
326	918
326	1510
326	1702
327	351
327	592
327	638
327	918
327	1510
327	1702
328	638
328	918
328	1510
328	1702
329	618
329	662
329	949
330	662
330	822
330	917
330	949
331	660
333	440
333	598
333	800
333	2343
334	723
335	390
335	757
337	391
337	599
338	676
339	464
339	472
339	556
339	581
339	582
339	656
339	828
339	889
339	902
339	903
340	814
340	1859
340	2800
340	3159
341	510
342	869
342	1387
342	1561
342	3259
343	772
344	870
344	1805
345	2571
346	858
347	478
348	720
349	631
349	644
349	849
349	983
350	575
350	576
350	620
350	1178
351	516
351	616
351	630
351	986
352	355
352	417
352	2580
353	354
353	355
353	2584
354	355
354	422
355	1959
355	2260
355	2408
355	2580
355	2581
355	2586
355	2587
355	2771
356	357
356	365
356	391
356	440
356	484
356	748
356	773
356	977
356	978
356	1005
357	391
357	746
357	748
357	774
358	889
359	360
361	362
361	420
361	823
363	972
364	391
364	766
365	366
365	383
365	440
365	463
365	471
365	482
365	483
365	484
365	517
365	518
365	524
365	526
365	551
365	674
365	698
365	702
365	707
365	746
365	747
365	778
365	805
365	911
365	912
365	919
366	440
366	800
366	1005
366	2447
367	700
367	701
368	489
369	489
370	478
370	652
371	1338
372	896
373	502
373	503
373	656
373	889
373	1008
374	375
374	445
374	446
374	2464
374	3015
374	3016
375	445
375	446
375	764
376	516
376	631
377	674
378	674
378	1002
378	2372
379	948
379	1634
379	2340
379	2597
380	679
380	955
381	538
382	606
382	607
382	685
382	714
383	391
383	392
383	440
384	385
384	515
384	839
385	515
385	839
386	387
387	585
387	933
388	435
388	650
388	651
389	580
389	677
390	468
390	580
390	585
390	637
390	757
390	937
390	974
391	392
391	415
391	445
391	446
391	451
391	456
391	457
391	463
391	471
391	482
391	483
391	484
391	505
391	508
391	517
391	518
391	524
391	526
391	551
391	558
391	574
391	577
391	598
391	609
391	620
391	659
391	669
391	670
391	674
391	681
391	695
391	698
391	699
391	701
391	702
391	703
391	707
391	709
391	712
391	728
391	745
391	747
391	773
391	774
391	800
391	803
391	805
391	813
391	881
391	897
391	900
391	907
391	911
391	930
391	1001
392	800
393	593
393	915
394	941
395	507
395	848
395	939
395	941
396	398
397	398
397	724
397	779
398	653
398	779
399	821
400	952
401	402
401	403
401	406
401	694
401	917
402	403
402	405
402	406
402	694
402	3184
403	3186
404	405
404	406
404	632
405	406
405	694
405	1344
405	1860
405	3184
406	694
406	2135
407	790
408	813
409	517
410	848
411	412
411	571
411	623
411	976
412	632
413	823
414	609
414	2467
414	2869
415	440
416	954
417	419
417	454
417	500
417	880
417	1004
418	454
418	811
418	823
419	454
419	823
419	1003
422	1151
422	1263
422	1647
422	1688
423	470
423	555
423	587
423	634
423	715
423	988
423	1900
424	953
425	427
426	427
428	764
429	674
429	892
430	602
430	733
430	1173
430	1409
430	1410
430	1513
430	1711
430	1722
431	733
432	869
432	926
433	434
433	706
433	856
433	916
433	1421
434	916
435	507
436	848
437	848
438	439
438	517
438	712
439	440
439	746
440	445
440	446
440	482
440	483
440	484
440	517
440	518
440	526
440	598
440	669
440	670
440	681
440	698
440	703
440	748
440	756
440	805
440	872
440	919
442	646
442	775
442	881
442	1237
442	1479
442	1532
442	1724
442	1802
442	2169
442	2448
442	2666
442	2766
444	587
445	446
447	910
447	3274
448	536
448	745
448	779
448	801
448	922
448	968
449	811
450	451
451	452
451	561
451	711
451	897
452	774
453	606
455	818
456	1009
457	699
457	928
458	459
460	574
460	698
461	540
461	686
461	1007
461	2362
461	3157
461	3160
462	889
463	557
463	610
463	829
465	740
465	2746
466	467
468	768
470	523
470	555
470	587
470	634
470	698
472	505
472	511
472	542
472	557
472	567
472	698
472	733
472	781
472	798
472	803
472	1076
472	1170
472	1200
472	1233
472	1358
472	1384
472	2222
472	2813
472	3016
473	823
474	768
474	823
475	863
475	1969
476	477
476	559
476	743
478	754
478	952
479	869
482	483
482	484
482	617
482	699
482	748
482	1005
482	1006
483	698
484	517
484	526
484	598
484	703
484	707
484	709
484	919
484	927
485	848
486	487
488	489
488	951
489	490
489	570
489	791
489	834
489	835
489	951
489	956
489	965
489	1011
491	806
492	636
493	494
493	571
493	632
494	908
494	980
495	768
495	1004
496	632
496	660
496	668
496	744
496	936
496	980
496	987
497	597
500	692
501	893
502	503
502	1005
502	1008
503	509
503	665
503	756
503	1005
503	1008
504	635
505	511
505	748
506	535
506	563
506	733
507	722
507	844
507	848
507	939
507	940
508	542
509	656
510	848
510	849
511	567
512	692
515	869
516	630
516	849
516	986
517	700
517	746
517	748
517	773
517	806
517	977
517	978
517	1005
518	526
518	674
518	872
519	953
520	692
520	815
520	848
521	848
522	617
522	702
523	617
523	620
523	698
523	957
523	988
523	1000
523	1001
523	1250
523	1375
523	1461
523	1465
525	972
526	591
527	848
528	848
530	848
531	880
531	2988
532	533
532	811
534	535
534	733
535	733
535	863
537	565
538	656
539	674
539	770
541	785
543	792
543	848
544	852
545	546
547	549
547	789
548	573
548	574
548	591
548	698
549	987
550	573
550	575
550	576
550	617
550	647
550	699
552	680
552	681
553	638
553	953
554	674
554	1922
554	1952
554	2162
554	2729
554	2792
555	831
555	1001
555	1643
556	902
556	903
557	830
557	2267
557	2895
558	898
560	754
562	656
562	670
564	705
565	776
565	976
566	853
567	771
567	772
567	803
568	1651
570	601
570	613
570	683
570	867
571	660
572	617
572	698
572	699
573	574
573	575
573	617
573	698
573	699
573	842
574	690
574	830
575	617
575	698
575	699
576	617
576	699
576	700
577	874
578	966
578	1858
578	3210
579	609
580	754
580	789
581	582
584	613
584	848
588	809
589	740
589	953
592	725
592	979
592	1018
593	616
593	686
593	740
593	1069
593	1227
593	1569
594	596
594	848
595	596
595	848
596	848
596	917
598	609
599	600
601	672
602	835
604	662
605	847
605	851
606	994
608	850
609	640
609	707
609	774
609	897
610	829
610	1020
610	3163
611	716
611	1707
612	614
612	645
612	951
613	956
613	965
613	966
614	956
615	697
615	2363
616	1510
616	3206
616	3218
617	669
617	695
617	715
617	749
617	999
617	1000
617	1001
617	1715
617	2019
617	3237
618	662
618	917
620	699
620	700
620	701
620	921
620	1005
621	622
621	624
621	632
622	624
622	625
623	983
624	625
624	626
625	626
627	2277
627	2844
628	824
629	754
629	1244
629	1462
630	631
630	986
632	751
632	980
632	981
632	989
632	996
632	1004
632	1010
633	869
634	957
635	750
635	820
636	871
636	962
639	3047
640	641
640	800
641	800
642	644
642	720
643	987
644	662
644	664
644	683
644	808
644	809
644	815
644	841
644	867
644	894
644	924
644	995
645	1011
646	881
646	1634
647	733
647	1283
647	1651
647	1896
647	2065
647	2150
647	2151
648	899
649	2182
649	2866
651	958
652	692
652	929
652	987
654	2896
655	861
655	933
656	1008
657	658
658	664
658	936
660	661
660	723
660	751
660	878
660	980
660	981
660	987
660	1004
660	1010
661	876
661	987
662	675
662	727
662	736
662	836
662	837
662	853
662	878
662	909
662	917
662	949
663	878
664	832
664	859
666	686
666	728
666	729
666	769
666	2082
667	668
669	699
669	700
669	702
669	767
669	803
670	700
673	2421
673	2438
674	712
674	763
674	803
674	840
674	906
677	2986
678	679
678	868
678	869
678	1395
678	1748
678	1985
679	868
679	1748
679	1985
680	681
681	935
681	1006
682	2462
685	954
685	970
686	687
686	688
686	698
686	770
686	846
686	904
686	906
687	770
687	888
687	906
687	1470
687	1679
687	1877
687	2279
687	2495
687	2670
687	2687
688	770
688	888
688	906
688	1877
688	2687
689	842
691	692
692	899
692	936
692	1010
693	2652
695	699
696	754
696	1302
696	1961
698	699
698	700
698	701
698	749
698	888
698	906
699	701
699	702
699	806
699	905
700	701
700	702
700	715
700	747
700	749
700	756
700	843
700	907
700	988
700	1000
700	1001
702	800
704	893
704	894
705	752
705	753
705	856
706	1421
707	773
707	774
707	947
708	709
708	710
708	800
709	710
709	800
711	1149
711	1534
712	961
713	751
713	848
713	936
714	799
715	749
715	957
715	988
715	1000
715	1001
716	2740
717	2382
717	2962
719	878
721	760
722	723
723	788
724	765
724	815
724	817
724	848
726	877
726	993
726	2341
726	2401
728	729
728	769
728	969
729	769
730	731
730	738
730	848
730	1010
731	738
731	848
731	943
732	908
732	980
733	781
733	863
733	877
733	906
734	735
734	856
735	752
736	814
737	738
738	955
739	740
739	790
739	2666
741	794
742	848
742	1010
744	980
746	747
746	805
746	806
746	911
746	912
747	748
747	773
747	805
747	806
748	805
748	806
748	911
748	912
749	957
749	988
749	999
749	1000
749	1001
749	1762
751	980
751	987
752	753
752	997
753	995
753	997
754	812
754	854
754	875
755	783
755	802
755	803
755	1255
758	759
761	848
762	848
763	1002
763	1377
763	1991
764	801
764	806
764	826
765	920
768	823
769	906
769	1877
770	797
770	1232
770	1235
770	1274
770	2158
770	2687
771	772
771	3041
771	3042
773	805
773	897
773	912
775	881
775	1237
775	1634
775	2119
776	848
776	858
777	884
778	800
779	873
780	883
780	888
780	1007
780	1280
780	1665
780	1896
780	2203
780	3029
781	1007
781	1204
781	1240
781	1283
781	1651
781	1665
781	1789
781	1896
781	1922
781	1992
781	2065
781	2150
782	859
782	2586
783	2640
783	2641
786	848
787	815
789	848
789	876
789	936
793	794
793	860
794	819
794	860
796	1795
796	1812
796	2383
800	804
802	803
803	906
803	1005
805	806
805	912
807	2768
808	810
808	815
809	810
809	815
811	823
811	901
814	917
815	817
815	848
815	849
815	867
815	885
817	848
817	849
817	867
818	1003
819	1709
822	2592
822	3014
823	880
825	971
827	848
827	913
829	1327
829	1544
829	1668
829	2203
829	2461
829	3029
832	835
832	887
835	965
836	838
837	838
843	897
844	848
845	959
846	2184
847	849
847	851
848	967
848	981
848	984
848	985
848	997
849	981
849	984
849	985
849	986
852	2337
852	2757
853	909
854	1253
854	1917
854	2051
854	3297
856	1676
856	2283
856	2442
856	2700
856	3108
856	3125
857	878
858	864
861	862
862	2456
863	1130
863	1213
863	1851
863	1938
863	1969
863	1970
864	865
864	866
866	1217
866	1241
866	1934
868	869
868	1748
869	926
870	933
874	1169
875	2430
875	3156
876	987
877	993
877	1248
877	1490
877	1725
877	2105
877	2401
877	2402
877	2639
877	3304
878	938
886	980
887	1011
888	1282
888	1952
888	1999
888	2000
888	2729
890	891
892	925
892	2729
897	923
898	3094
902	903
902	1005
906	1232
906	1235
906	1970
906	2082
906	2162
906	2279
906	2670
906	2671
906	2687
906	2729
906	3041
906	3042
906	3192
915	2652
918	979
918	986
919	927
920	1011
921	1005
921	1006
927	928
931	940
934	971
936	980
936	987
936	996
937	938
937	3021
939	940
939	941
939	942
940	941
944	945
944	987
947	1239
947	2032
947	2866
948	975
957	1000
957	1001
957	1895
960	987
961	2416
962	1489
963	3152
964	2130
964	2131
969	970
970	1708
972	973
973	3280
975	2340
977	2215
979	1550
980	981
981	987
981	991
982	983
987	996
988	1000
990	991
991	995
994	1722
994	3086
995	997
999	1000
999	1001
1000	1001
1005	1337
1005	1598
1005	2317
1006	1198
1006	1337
1006	1587
1006	2861
1012	1035
1012	2029
1012	2030
1013	2032
1013	2182
1014	1298
1014	1418
1014	1428
1014	1546
1014	1968
1014	2025
1015	1060
1015	1366
1015	1379
1015	1381
1015	1681
1015	1745
1016	1237
1016	1440
1016	1441
1016	2094
1017	2139
1018	1265
1018	1550
1019	1525
1020	1313
1020	1355
1020	1744
1020	1939
1020	2065
1021	1497
1022	1177
1023	1908
1024	1876
1025	1528
1026	1415
1027	1958
1028	1906
1029	1049
1030	1101
1030	1110
1030	1249
1031	1245
1031	1942
1032	1488
1032	1489
1032	1646
1032	1873
1033	2118
1034	1760
1034	2015
1034	2016
1035	1666
1035	1667
1035	2008
1036	1492
1037	1486
1038	1043
1038	1310
1038	1616
1038	1680
1039	1108
1039	1175
1039	1405
1039	1537
1039	1637
1039	1683
1039	1770
1040	1213
1041	1077
1041	1079
1041	1310
1041	1680
1042	2037
1043	1616
1043	1680
1044	1139
1044	1829
1044	1894
1044	2140
1044	2166
1045	1275
1046	1454
1046	1705
1046	1706
1046	1945
1046	1955
1046	1956
1046	1981
1046	2003
1047	1287
1047	1303
1047	1522
1047	1533
1047	1892
1047	1903
1047	2025
1048	1128
1048	1443
1048	1614
1048	1637
1048	1680
1048	1777
1049	2064
1051	1169
1051	1255
1051	1943
1052	1254
1052	2122
1053	1788
1054	2136
1055	1492
1056	1962
1056	1963
1056	1964
1057	1162
1058	1255
1059	1237
1059	2025
1060	1366
1060	1379
1060	1381
1060	1734
1060	1745
1061	1124
1062	1375
1062	1461
1062	1944
1063	1375
1064	1230
1064	1708
1065	1812
1066	1094
1066	2028
1067	1172
1067	1962
1067	1963
1067	1964
1068	1237
1068	1252
1069	1210
1069	1516
1069	1719
1069	2116
1070	2138
1071	1237
1071	1501
1072	1732
1072	1745
1072	1986
1073	2157
1074	1076
1074	1388
1075	1380
1076	1170
1076	1221
1077	1079
1077	1600
1078	1528
1079	1191
1079	1372
1079	1600
1079	1601
1080	1228
1080	1246
1080	1652
1080	1743
1080	1824
1080	1932
1081	1190
1081	1196
1081	1407
1081	1584
1081	1658
1081	1732
1082	1142
1082	1951
1083	1717
1084	1197
1084	1374
1084	1391
1084	1440
1084	1441
1084	1913
1084	1940
1084	2094
1085	2159
1086	1729
1087	1480
1087	1481
1088	1578
1089	1237
1089	1501
1090	1298
1090	1348
1090	1501
1091	1108
1091	1175
1091	1393
1091	1405
1091	1609
1092	1973
1093	2010
1094	2027
1094	2028
1095	1318
1095	1677
1096	1865
1097	1491
1097	1879
1098	1887
1099	1662
1100	1768
1100	1769
1101	1580
1101	1635
1101	1696
1101	1724
1101	2106
1102	1119
1102	1442
1102	1610
1102	1841
1102	1865
1102	2133
1102	2134
1102	2171
1102	2172
1103	1674
1103	1959
1104	2104
1105	1460
1106	1607
1107	1133
1107	1340
1108	1201
1108	1405
1108	1426
1108	1770
1108	1777
1109	1318
1109	1677
1110	1402
1111	1565
1112	1921
1113	1953
1114	1396
1115	1188
1115	2059
1115	2060
1115	2105
1116	1384
1117	1894
1117	2140
1118	1155
1120	2037
1121	1211
1121	1257
1121	1605
1121	1607
1121	1819
1122	1675
1122	2114
1123	1691
1123	2743
1124	1865
1125	1461
1126	1251
1126	1287
1126	1303
1126	1892
1127	1858
1129	1589
1129	1590
1129	1591
1130	1632
1130	1938
1130	1970
1131	1823
1132	1647
1132	1886
1133	1861
1134	2047
1134	2170
1135	1423
1136	1155
1136	1748
1137	1495
1138	1965
1139	1635
1139	1802
1139	2169
1140	1146
1140	1717
1140	1843
1141	1461
1142	1249
1142	1867
1143	1731
1144	1981
1144	2104
1145	1417
1145	1482
1145	2106
1146	1717
1147	1390
1148	1875
1148	1953
1149	1391
1149	1404
1149	1552
1149	1688
1150	1590
1151	1237
1151	1263
1151	1295
1151	1507
1151	1508
1151	1509
1151	1660
1151	1913
1151	2119
1152	1302
1152	1961
1152	2050
1153	1374
1153	2950
1154	1330
1154	1343
1154	1630
1156	1214
1157	1976
1158	1493
1159	1215
1159	1462
1159	1572
1160	1258
1160	1288
1161	1370
1161	2084
1163	1382
1163	1518
1164	1501
1165	1796
1166	1789
1166	2067
1167	1909
1168	1524
1169	1512
1169	1525
1169	1545
1169	2097
1169	2107
1170	1221
1170	1388
1171	2167
1171	2170
1173	1711
1174	1813
1174	2333
1174	2949
1174	2956
1175	1201
1175	1405
1175	1426
1175	1770
1175	1777
1176	1361
1176	1386
1176	2174
1176	2175
1177	1897
1177	1898
1178	1375
1179	1871
1179	1872
1179	1945
1180	1408
1180	1997
1180	1998
1181	1197
1182	1638
1182	1639
1183	1542
1184	1203
1184	1837
1184	1838
1184	1842
1185	1465
1186	1531
1186	1946
1187	1649
1187	1807
1189	1620
1189	1919
1190	1584
1190	1658
1191	1614
1192	1231
1192	1728
1193	1731
1194	1549
1194	1858
1194	2113
1195	1681
1195	1732
1195	2136
1198	1588
1199	1679
1199	2279
1199	2495
1200	1221
1202	2061
1203	1842
1204	1433
1204	1965
1204	2149
1204	2152
1205	1209
1206	1849
1207	1211
1207	1257
1207	1605
1207	1607
1207	1819
1208	1353
1208	1540
1210	1749
1211	1819
1212	2138
1213	1851
1213	1938
1215	1709
1215	1995
1215	2005
1215	2007
1216	1543
1217	1414
1217	1422
1217	1520
1217	1676
1217	1849
1218	1773
1219	1461
1220	1237
1221	1388
1222	1901
1223	1541
1223	1804
1223	1808
1223	2045
1224	1712
1224	1713
1224	1714
1224	1965
1224	2100
1225	1627
1225	1707
1225	2010
1226	1412
1227	1323
1227	1569
1227	1822
1228	2793
1229	1457
1230	1708
1231	1515
1231	1812
1231	2098
1232	1417
1232	2158
1233	1457
1233	1458
1234	1521
1235	1417
1236	1457
1236	1551
1236	1589
1236	1750
1236	2026
1237	1243
1237	1397
1237	1501
1237	1688
1237	1861
1237	1892
1237	2025
1238	1654
1239	2032
1240	1789
1241	1414
1241	1676
1242	1515
1242	1990
1242	2796
1243	1861
1243	2119
1244	1462
1244	1506
1244	1649
1244	1707
1245	1942
1245	2129
1246	2077
1247	1867
1248	1331
1249	1539
1249	1912
1250	1417
1253	2050
1254	1637
1254	1891
1255	1525
1255	1722
1255	1788
1255	2044
1256	1529
1256	2140
1257	1819
1258	1853
1258	1881
1259	1707
1259	2007
1260	1821
1261	1694
1262	1751
1263	1510
1263	1647
1264	1613
1265	1285
1266	1879
1267	1541
1267	1862
1268	1725
1269	1382
1269	1518
1269	2121
1270	1746
1271	1821
1272	1866
1273	1384
1273	1650
1274	1340
1274	1455
1274	1669
1274	1715
1274	2054
1275	1893
1276	1623
1276	1925
1277	1919
1277	2099
1278	2044
1279	2021
1280	1977
1281	1575
1282	1679
1282	1851
1282	1999
1282	2000
1283	1741
1283	1767
1284	2043
1285	1417
1285	1643
1286	1424
1286	1504
1286	1705
1286	1981
1286	2051
1287	1533
1287	1903
1287	2658
1288	1452
1288	1574
1289	1781
1289	1788
1290	1637
1290	2035
1291	1350
1292	1345
1293	1855
1293	1954
1294	1931
1295	1507
1296	1853
1296	2019
1297	1893
1298	1726
1299	1466
1299	1771
1299	1919
1300	2122
1301	1902
1301	2081
1303	1533
1303	1903
1303	2658
1304	1520
1305	1474
1306	2082
1307	1419
1308	2037
1308	2038
1309	1919
1309	2050
1311	1484
1311	1611
1311	2117
1312	1991
1313	1494
1313	2594
1314	1396
1315	1407
1315	1584
1315	1585
1315	1658
1315	1732
1315	1736
1315	1737
1315	1738
1316	1626
1316	1811
1317	1407
1319	1638
1320	1523
1321	1647
1322	1563
1322	1647
1324	1523
1325	1684
1326	1684
1326	1840
1327	1544
1327	1663
1327	1668
1327	1797
1328	1978
1329	2084
1330	1439
1330	1517
1332	1518
1333	1339
1333	2006
1333	2051
1333	2113
1334	2081
1335	1700
1335	1805
1336	1518
1337	1587
1337	1832
1337	1864
1338	1871
1340	1561
1341	1853
1342	2009
1342	2057
1343	1439
1343	1517
1344	1413
1344	1882
1345	1383
1345	1890
1345	1927
1346	2069
1347	1485
1348	1501
1349	1354
1349	1966
1350	2032
1350	2125
1351	1986
1352	1894
1353	1450
1353	1540
1354	1966
1355	2857
1356	1369
1356	1415
1357	1639
1357	2062
1357	2084
1358	1977
1358	2775
1359	1387
1360	1407
1360	1584
1360	1658
1360	1732
1360	1736
1360	1737
1360	1738
1361	1906
1362	1447
1363	1662
1364	1760
1364	1947
1365	1407
1365	1732
1367	1728
1367	2044
1368	1407
1369	1415
1369	1416
1369	1477
1370	2084
1371	1407
1372	2141
1373	1905
1373	2089
1375	1411
1375	1461
1375	1727
1375	1980
1375	2036
1375	2150
1376	1638
1376	1639
1377	1803
1378	1447
1379	1381
1379	1681
1379	1745
1380	1463
1380	1505
1380	1606
1381	1407
1381	1592
1382	2080
1383	1890
1384	1650
1384	1651
1384	1957
1385	1387
1386	2175
1387	1567
1387	1758
1387	1759
1389	1438
1389	1983
1389	1984
1391	1673
1391	1689
1392	1583
1393	1609
1394	1897
1395	1538
1395	2137
1398	2094
1398	3009
1399	1971
1399	1972
1399	2020
1400	1971
1401	1971
1401	1972
1401	2020
1403	2023
1405	1777
1405	1925
1406	1446
1407	1585
1407	1659
1407	1716
1407	1732
1407	1733
1407	1734
1407	1737
1407	1738
1407	1823
1407	1924
1407	1942
1407	2071
1407	2136
1408	1682
1409	1716
1410	1513
1410	1682
1410	1711
1410	1746
1410	1958
1412	1616
1412	1680
1415	1416
1415	1477
1417	1432
1417	2158
1418	1501
1418	1726
1420	1922
1421	1771
1421	2261
1421	2700
1421	3108
1422	1766
1422	1934
1423	1543
1423	1656
1423	1917
1423	2007
1424	1543
1424	1846
1424	1981
1424	2051
1425	1629
1427	2120
1428	1546
1428	1726
1429	1430
1431	1863
1432	2194
1433	2152
1434	2152
1435	1437
1436	1437
1436	2009
1438	1983
1440	1441
1440	1445
1440	1479
1440	1892
1441	1445
1441	1479
1444	1535
1444	1536
1446	2025
1447	1448
1447	1449
1449	1603
1450	1979
1451	2120
1453	1619
1453	2003
1454	1471
1456	2073
1457	1589
1458	1551
1459	1851
1461	1465
1461	1762
1461	1782
1461	1980
1462	1649
1462	2005
1462	2006
1464	1591
1464	2053
1465	1762
1466	1879
1467	2046
1468	1469
1470	1679
1470	2279
1470	2495
1471	1705
1471	1706
1471	1945
1471	1955
1471	1956
1471	1981
1471	2003
1472	1784
1473	1474
1473	1586
1474	1570
1474	1571
1475	1922
1475	2066
1476	1680
1476	2037
1477	1792
1478	1910
1479	1529
1479	1691
1480	1481
1480	1662
1480	2013
1482	2140
1483	1675
1484	2117
1487	1760
1488	1795
1488	1931
1488	2004
1489	1646
1489	1873
1490	1864
1491	1710
1491	2053
1494	1739
1495	1578
1495	2126
1496	1734
1497	1747
1499	2140
1500	1501
1501	2025
1502	1503
1503	1878
1505	1933
1509	1688
1510	1640
1511	1701
1512	1708
1512	2135
1513	1711
1513	1825
1514	1711
1515	1728
1515	1980
1515	1990
1516	1749
1517	2471
1518	2080
1519	1520
1519	2283
1522	3256
1524	1780
1524	1827
1525	1582
1525	1935
1525	2042
1526	1662
1527	1762
1529	1691
1529	1724
1529	1815
1529	2739
1529	2766
1529	2971
1530	2170
1530	2655
1530	3022
1530	3306
1531	1579
1531	2009
1532	1802
1532	2659
1533	2659
1534	1688
1537	2120
1541	1542
1541	1800
1543	1981
1543	2051
1544	2294
1544	2461
1546	1726
1547	1548
1547	1764
1549	1967
1550	1625
1553	1865
1554	1555
1555	1832
1556	1557
1557	1648
1558	1559
1560	1687
1561	1669
1561	1819
1562	1760
1564	1565
1565	1566
1568	1936
1570	1602
1572	2005
1572	2007
1573	1917
1576	1878
1577	1783
1577	1936
1580	2106
1581	2044
1581	2874
1583	1854
1583	2079
1584	1658
1584	1732
1584	1737
1585	1658
1585	1732
1585	1986
1586	1630
1587	1588
1590	1591
1591	2053
1593	1594
1593	1595
1594	1595
1594	1693
1596	1597
1598	1599
1600	1601
1600	1614
1600	1686
1600	1951
1600	2075
1603	1830
1604	1879
1605	1607
1608	1897
1610	1843
1610	1973
1612	2156
1613	1707
1615	1616
1615	1774
1617	1876
1618	1706
1618	1821
1621	2139
1622	2138
1624	1818
1625	1904
1627	1773
1627	2010
1628	1730
1629	1753
1629	1754
1629	1950
1631	1748
1633	1802
1633	2169
1634	1802
1634	1852
1635	1829
1635	1894
1635	2140
1635	2166
1635	2245
1635	2258
1636	1754
1637	1683
1638	1639
1638	1978
1638	2027
1638	2084
1639	2014
1640	1674
1641	1811
1642	1755
1644	1973
1645	1720
1647	1884
1647	1886
1649	2051
1650	1651
1652	1824
1652	3263
1653	1869
1655	1788
1657	1834
1658	1732
1658	1733
1658	1736
1658	1737
1658	1738
1659	1732
1661	1662
1664	1874
1664	1921
1665	1922
1665	1992
1668	2329
1668	2461
1668	3029
1668	3154
1669	1861
1670	1821
1671	1672
1674	1959
1674	1960
1676	1934
1678	1725
1679	2000
1679	2074
1681	1732
1681	2136
1684	1685
1685	1879
1690	1831
1690	1909
1690	2177
1691	1696
1691	1815
1691	1892
1692	1816
1692	1993
1692	1994
1694	1845
1695	1811
1696	1829
1697	1698
1699	1930
1699	3124
1700	1805
1702	2058
1703	1704
1704	2050
1705	1706
1705	2081
1706	1917
1706	2081
1708	2211
1708	2276
1709	2754
1710	2073
1715	2687
1717	1718
1718	1730
1718	1888
1721	1748
1722	1920
1723	2069
1724	2106
1726	1968
1726	2025
1728	1798
1728	1812
1728	1817
1728	2098
1729	1730
1732	1733
1732	1736
1732	1737
1732	1738
1732	1986
1733	1986
1734	1745
1735	1986
1736	1737
1736	1738
1737	1738
1739	1843
1739	1844
1740	1919
1741	1742
1741	1767
1744	1875
1744	2395
1748	1985
1748	1987
1748	2137
1752	2107
1753	1950
1754	1950
1756	1836
1756	1837
1756	1838
1757	1785
1757	1786
1760	1947
1760	1948
1760	2015
1761	1855
1761	1954
1763	1912
1765	1812
1768	1769
1771	1772
1771	2124
1772	2124
1773	2010
1773	2093
1775	1782
1776	1777
1777	2035
1778	1794
1778	2049
1781	1788
1783	1936
1785	1787
1785	1928
1785	1929
1785	2023
1786	1928
1786	1929
1788	1790
1789	2067
1790	2364
1791	1848
1791	1916
1791	1928
1791	1929
1791	2023
1793	1795
1794	1795
1799	2109
1800	1808
1800	2045
1801	2154
1802	1852
1802	2025
1802	2169
1806	1807
1806	2146
1808	2848
1810	1975
1812	1901
1812	1919
1813	1814
1813	2153
1814	2264
1814	2956
1814	2958
1816	1993
1820	1995
1820	2049
1824	3263
1826	1949
1828	2073
1829	2140
1830	3038
1833	1834
1834	2155
1835	1838
1835	1839
1836	1837
1837	1839
1838	1839
1846	2001
1846	2050
1847	2049
1847	2050
1849	1850
1850	3125
1851	1938
1851	1952
1851	1999
1851	2000
1852	2169
1852	2996
1852	3010
1854	1919
1856	1921
1857	1869
1858	1859
1858	1860
1858	1967
1859	3014
1859	3275
1860	3275
1867	1868
1867	2168
1868	2697
1870	1874
1871	1945
1871	1946
1874	1920
1876	1989
1877	2082
1879	2073
1880	2013
1883	2102
1884	1886
1885	1886
1887	1945
1888	1889
1890	2917
1894	1895
1896	1992
1897	2052
1898	2970
1899	1900
1902	1923
1904	1966
1904	2033
1904	2034
1907	2049
1907	2827
1907	3124
1909	2177
1911	1912
1912	1925
1914	2144
1918	1919
1919	1941
1919	2024
1919	2095
1919	2096
1919	2115
1919	2149
1919	2152
1919	2160
1919	2176
1920	1921
1922	1992
1922	2065
1922	2150
1922	2162
1926	2076
1927	2081
1928	1929
1928	2023
1929	2023
1930	2079
1932	2421
1936	1937
1945	1946
1949	1950
1955	2003
1955	2081
1956	2003
1959	1960
1965	1973
1965	2050
1965	2122
1967	2113
1969	1973
1969	2161
1971	1972
1973	2161
1974	1976
1975	1978
1977	2000
1978	2027
1979	1980
1980	2150
1981	2033
1981	2034
1981	2051
1981	2113
1982	2035
1988	1989
1990	2150
1996	1998
1997	1998
2002	2050
2003	2004
2006	2007
2006	2111
2007	2051
2007	2110
2007	2111
2007	2113
2011	2012
2011	2013
2012	2013
2015	2016
2017	2018
2022	2080
2025	2119
2026	2053
2029	2041
2030	2041
2031	2091
2033	2034
2033	2050
2033	2051
2034	2050
2034	2051
2038	3229
2039	2040
2045	2275
2045	2665
2047	2048
2049	2050
2050	2051
2050	2076
2050	2176
2051	2113
2053	2073
2055	2056
2055	2073
2055	2146
2056	2057
2063	2127
2065	2066
2065	2092
2069	2070
2072	2099
2078	2176
2082	2162
2083	2084
2085	2105
2086	2088
2087	2088
2088	2090
2101	2103
2102	2103
2106	3045
2108	2109
2110	2111
2111	2113
2112	2113
2123	2176
2127	2128
2130	2131
2130	2132
2136	2142
2138	2148
2143	2144
2143	2145
2147	2163
2149	2151
2160	2176
2164	2165
2167	2170
2167	2655
2167	3022
2167	3306
2172	2173
2174	2175
2178	2904
2179	2591
2179	2737
2180	2201
2181	2936
2182	2866
2183	2513
2184	2678
2184	3157
2185	2307
2185	2357
2186	2540
2187	3140
2188	2667
2189	3301
2190	2304
2190	2635
2191	3146
2192	2500
2192	2547
2193	2489
2194	2237
2195	2657
2196	2210
2197	3280
2198	2505
2199	2282
2200	2594
2200	3026
2203	2461
2203	3163
2204	2912
2205	2266
2205	2763
2206	2900
2206	2901
2207	2676
2207	3100
2208	2633
2208	2856
2209	3213
2211	2276
2211	3086
2212	2327
2213	2424
2213	2475
2213	2696
2213	3133
2214	2245
2214	2741
2214	3259
2215	2846
2215	3236
2216	2509
2217	3045
2218	3038
2219	3195
2220	2392
2220	3152
2222	2514
2222	2666
2222	3116
2223	2568
2224	2265
2224	2492
2224	3172
2225	2559
2225	2780
2225	2781
2225	3023
2226	2399
2227	2342
2227	2812
2228	2845
2229	3300
2230	2598
2231	2346
2231	3270
2233	2541
2233	3034
2233	3204
2234	2699
2234	3159
2235	3052
2235	3053
2236	2993
2238	3274
2239	3017
2240	3115
2241	3191
2242	2692
2243	2666
2244	2325
2244	3075
2246	2311
2246	2391
2246	2484
2247	3035
2247	3036
2248	3189
2248	3190
2249	2747
2250	2798
2251	2905
2252	2956
2252	3174
2253	3311
2254	2300
2254	2892
2255	2520
2256	2555
2257	2872
2258	3022
2258	3208
2259	2477
2259	2738
2260	2300
2260	2428
2260	2443
2260	2745
2261	3125
2262	2307
2262	2357
2263	2413
2264	2952
2264	2960
2267	2895
2268	2777
2269	2822
2270	2376
2270	3072
2271	3052
2272	2604
2272	2653
2273	2778
2273	3008
2275	3128
2276	3086
2277	2844
2278	3030
2279	3041
2280	2751
2281	2537
2283	2647
2284	3145
2285	2303
2286	2616
2286	2617
2287	2833
2288	3216
2289	2312
2290	2795
2291	3049
2292	2831
2293	2970
2294	2775
2295	3194
2296	2833
2296	3162
2297	2764
2298	3255
2299	3024
2301	2893
2302	2918
2303	2507
2305	3031
2306	2906
2307	2357
2308	2832
2309	2935
2309	3271
2310	2539
2311	3126
2313	3149
2313	3150
2314	3158
2315	3283
2316	2769
2317	2407
2318	2458
2319	3292
2320	2562
2320	2878
2320	2879
2321	2402
2321	2639
2322	2631
2323	2606
2323	3204
2324	2833
2325	3075
2325	3176
2326	2595
2326	2596
2328	3222
2329	3154
2331	3281
2332	2997
2333	2956
2334	2501
2335	3168
2335	3291
2336	3201
2336	3248
2337	3120
2338	2732
2338	3125
2339	3060
2340	2597
2341	2401
2341	3165
2343	2529
2344	3177
2345	2457
2345	2625
2347	3228
2348	2861
2349	2549
2350	2734
2350	3196
2351	2794
2351	2908
2352	3014
2352	3275
2353	2480
2354	2566
2355	2358
2355	2809
2356	2946
2359	2837
2360	2565
2361	2840
2362	2557
2362	3256
2363	2899
2364	2928
2365	2419
2366	3286
2367	3190
2368	2518
2370	3071
2371	2836
2372	2423
2372	3141
2374	2694
2375	2421
2376	3214
2376	3215
2376	3217
2377	2966
2378	2503
2379	2683
2379	2684
2379	2685
2380	3287
2381	2629
2382	3187
2383	2679
2384	2817
2385	2873
2386	2687
2387	2787
2388	2754
2390	2942
2391	3126
2392	2490
2393	2782
2394	3210
2395	2398
2396	3182
2397	2679
2400	2977
2400	3304
2403	2554
2403	2785
2403	2786
2403	3032
2404	3173
2405	2961
2406	2554
2406	2786
2408	2580
2409	2739
2410	2689
2411	3276
2412	2742
2414	3134
2415	3258
2416	3042
2417	2630
2418	2972
2419	2754
2419	3013
2420	2931
2420	3044
2421	2438
2422	2884
2425	2888
2426	2441
2427	2757
2429	3107
2429	3179
2430	3156
2432	2524
2433	2785
2433	3032
2434	3219
2435	2768
2436	3241
2438	3166
2438	3287
2439	2466
2439	2712
2439	2814
2439	3245
2440	2672
2442	2700
2442	3108
2444	3241
2445	3168
2445	3169
2445	3291
2446	2707
2447	2526
2448	2658
2448	2659
2449	2564
2450	3076
2451	3277
2452	2911
2453	2982
2454	2913
2455	2984
2455	2985
2455	2986
2456	2851
2456	2852
2457	2553
2457	2625
2457	3229
2459	2830
2460	3155
2461	3029
2461	3154
2461	3163
2462	2791
2463	2909
2464	2670
2465	2859
2466	2712
2466	2814
2467	2869
2468	2471
2469	3203
2469	3205
2470	2541
2472	2931
2473	2818
2474	2535
2476	2716
2477	2591
2477	2737
2478	3033
2478	3260
2479	2553
2481	3237
2482	2632
2483	2944
2484	3126
2485	2907
2486	3126
2487	2584
2488	3186
2491	2579
2493	2932
2494	2855
2495	3041
2496	3295
2498	2932
2499	2696
2502	2862
2502	3037
2502	3181
2504	2956
2506	2695
2508	3075
2510	2639
2510	2650
2510	3302
2511	3052
2511	3053
2512	3207
2515	2600
2516	3134
2517	3109
2518	3109
2519	2847
2521	3025
2522	2558
2523	3224
2525	2805
2526	2811
2527	2733
2528	3003
2530	2531
2532	2534
2532	2712
2532	3021
2533	2712
2533	3021
2534	3021
2535	2536
2535	2610
2535	3126
2540	2813
2540	3043
2541	3034
2541	3203
2542	2543
2542	2903
2542	2945
2544	2997
2545	2997
2546	3275
2548	2894
2549	2599
2550	2982
2550	3139
2551	3005
2551	3006
2554	2785
2554	2786
2556	3111
2557	3256
2558	2727
2559	2781
2559	3023
2560	3121
2561	2582
2562	2878
2562	2879
2563	2564
2567	2568
2569	2758
2570	2730
2571	2572
2573	3193
2574	2966
2575	2652
2575	3218
2576	3164
2577	2917
2578	2634
2579	2697
2580	2581
2581	2771
2583	2663
2585	2586
2585	2587
2585	2673
2586	2587
2589	2746
2592	2698
2592	2699
2593	3297
2594	3167
2594	3188
2595	2596
2600	2980
2600	3094
2601	3110
2602	2643
2603	2604
2603	2705
2604	2810
2605	2767
2606	2614
2607	2608
2608	2609
2611	2760
2611	2824
2612	2613
2615	2617
2615	2618
2615	2620
2616	2617
2617	2618
2617	2619
2618	2619
2619	2620
2621	2622
2623	2860
2624	2793
2625	3229
2625	3294
2626	2627
2628	3019
2630	2722
2630	3263
2636	2637
2638	3065
2639	2920
2640	2641
2642	3044
2642	3118
2644	2646
2645	2646
2647	3125
2648	2703
2648	3086
2651	2661
2652	2995
2654	2714
2654	3257
2655	3306
2656	2691
2658	2659
2660	2938
2664	2665
2666	2746
2666	3081
2668	2712
2668	3245
2669	2670
2669	2671
2670	3192
2674	3142
2676	3100
2677	2779
2682	2710
2683	2684
2683	2685
2684	2685
2686	3298
2688	2689
2688	2690
2689	2690
2693	2924
2697	3145
2700	3108
2701	3232
2702	3279
2704	3287
2706	2865
2708	2740
2708	2983
2709	2826
2711	2762
2712	2814
2712	3245
2713	3090
2715	2940
2717	2718
2719	2720
2721	3016
2722	3287
2723	2724
2725	2745
2725	2779
2728	2914
2729	3175
2731	2988
2734	2747
2734	3196
2735	2810
2736	3048
2743	2881
2744	3299
2745	2834
2745	3079
2746	3116
2747	3196
2748	2749
2750	3265
2752	2857
2753	2890
2755	2756
2757	3120
2759	3064
2761	2956
2765	3225
2766	2996
2768	3273
2770	3143
2772	3278
2773	3240
2774	2784
2776	2777
2778	3089
2781	2871
2781	3023
2785	3032
2785	3095
2788	2789
2790	2947
2791	2858
2792	3209
2795	2796
2797	3000
2799	3244
2800	3129
2801	2802
2803	3093
2806	2808
2806	3113
2806	3114
2807	2808
2810	3130
2815	2816
2819	2820
2821	2890
2823	2929
2825	2978
2827	3124
2828	2874
2829	3220
2830	2934
2833	3161
2833	3162
2833	3201
2835	2964
2838	2839
2838	2883
2840	2841
2841	3108
2842	2843
2846	3236
2848	2849
2848	2850
2853	2854
2863	2933
2864	2865
2864	3132
2865	3186
2865	3287
2867	3182
2868	2930
2868	3020
2870	2937
2870	3171
2875	2973
2875	3106
2876	2915
2877	2948
2879	3047
2879	3202
2879	3279
2880	3298
2882	3136
2884	3241
2887	2888
2887	2889
2891	2919
2895	3049
2896	2898
2897	2898
2902	3280
2910	3044
2916	2943
2922	2923
2924	2925
2927	3250
2931	2981
2935	3271
2935	3272
2938	2939
2941	3077
2949	2956
2951	2954
2951	2957
2953	2956
2954	2957
2955	2956
2956	2959
2956	3174
2958	2960
2962	3187
2965	3144
2967	2968
2969	3226
2971	3211
2973	3221
2975	3078
2976	3119
2977	3304
2981	3044
2984	2985
2984	2987
2985	2986
2986	2987
2989	2990
2994	3312
2997	2998
2997	3234
2999	3110
3001	3266
3002	3308
3006	3007
3009	3010
3011	3012
3014	3275
3015	3016
3015	3170
3016	3170
3017	3018
3027	3028
3029	3163
3034	3058
3034	3203
3035	3036
3039	3046
3040	3074
3044	3112
3044	3118
3047	3202
3050	3051
3052	3053
3052	3055
3053	3054
3056	3057
3059	3232
3061	3062
3062	3063
3066	3067
3066	3068
3067	3068
3069	3070
3072	3073
3075	3176
3080	3081
3082	3083
3082	3085
3083	3085
3084	3085
3088	3110
3091	3197
3096	3097
3096	3098
3096	3183
3097	3098
3097	3183
3099	3100
3101	3102
3102	3103
3104	3105
3104	3275
3106	3221
3117	3191
3122	3123
3131	3132
3134	3135
3137	3138
3147	3148
3147	3149
3147	3150
3147	3151
3147	3152
3147	3296
3148	3150
3148	3151
3150	3151
3157	3160
3168	3169
3168	3291
3169	3291
3173	3305
3178	3179
3184	3185
3189	3190
3199	3200
3203	3204
3206	3235
3212	3214
3213	3214
3213	3217
3223	3241
3223	3282
3227	3228
3230	3231
3233	3234
3238	3239
3242	3243
3246	3247
3249	3290
3251	3252
3253	3254
3261	3262
3261	3264
3262	3264
3267	3268
3267	3269
3284	3285
3288	3289
3303	3307
3309	3310
