1	9
1	15
1	259
1	436
1	545
2	345
3	411
3	472
3	553
3	566
4	198
4	464
4	602
5	171
6	491
6	2165
7	252
7	491
8	259
9	15
9	259
9	436
9	752
10	309
10	454
10	482
10	762
11	193
11	194
11	281
11	421
11	520
12	625
12	660
13	85
13	156
14	483
14	579
14	1235
15	32
15	233
15	243
15	259
15	269
15	385
15	394
15	401
15	436
15	438
15	444
15	545
15	614
15	709
15	737
15	747
15	752
16	81
16	130
16	153
16	235
16	254
16	255
16	323
16	400
16	539
16	702
17	467
17	553
17	567
17	1698
18	147
19	128
19	428
19	746
19	748
19	867
19	891
19	1933
20	75
20	572
21	26
21	268
21	335
21	641
21	733
22	295
22	439
22	568
22	1379
23	130
23	164
23	192
23	1791
23	2258
24	42
24	760
25	40
25	270
26	457
26	779
26	1182
26	1898
27	748
27	1130
27	2613
28	85
28	533
29	587
29	612
29	1607
29	1719
30	320
30	383
30	427
30	430
31	232
31	286
31	680
31	1149
31	2277
32	251
32	1117
33	680
34	251
34	1592
34	1702
35	36
35	67
35	560
35	566
35	567
37	258
37	746
37	1067
37	1592
37	1702
37	1934
37	1975
37	2073
37	2391
38	564
39	220
39	274
39	373
39	564
39	1690
40	83
41	762
42	95
42	116
42	353
42	534
42	726
42	889
42	890
42	893
42	1714
42	1717
42	1734
42	1983
42	2457
43	164
43	189
43	190
43	794
44	577
44	748
45	89
45	687
45	2429
46	221
46	491
46	493
46	1460
47	239
47	302
47	490
47	868
48	88
49	726
49	1784
49	2457
49	2683
50	582
50	644
51	151
51	582
51	584
51	644
52	646
52	773
52	2560
53	229
53	431
53	479
53	2488
53	2581
54	244
54	804
54	1440
54	1564
55	524
55	616
55	713
55	1688
55	2335
56	164
56	362
56	845
56	1785
56	1833
56	1906
57	779
57	968
57	1028
58	307
58	553
58	566
58	968
58	1460
59	537
59	991
59	1892
59	2496
60	571
60	577
60	840
60	873
60	875
60	1521
60	1710
61	253
61	553
61	563
61	566
61	689
62	241
63	325
63	333
63	424
63	946
63	2426
63	2475
63	2567
64	154
64	211
64	740
64	1547
65	285
65	290
65	487
65	584
66	744
66	745
67	70
67	150
67	184
67	216
67	289
67	1249
67	1532
67	1699
67	2123
67	2158
67	2295
67	2311
67	2360
67	2442
67	2521
68	730
69	523
69	980
69	1633
69	1826
69	1846
69	1980
69	2008
71	256
71	932
71	1000
71	1522
71	1693
71	1987
72	75
72	662
72	678
72	930
72	1560
72	1642
72	1924
72	2443
73	203
73	746
73	748
73	772
74	748
75	155
75	194
75	253
75	264
75	311
75	346
75	378
75	506
75	512
75	548
75	605
75	623
75	662
75	681
75	788
75	868
75	872
75	882
75	907
75	950
75	976
75	988
75	1018
75	1025
75	1104
75	1221
75	1635
75	1677
75	1929
75	2014
75	2125
75	2267
75	2285
75	2336
75	2391
75	2422
75	2514
75	2655
76	289
76	1124
76	1355
76	1855
76	1856
76	2123
76	2300
77	132
77	182
77	251
77	346
77	393
77	519
77	662
77	695
77	870
77	976
77	1129
77	1549
77	1935
77	2328
77	2391
77	2533
78	338
79	158
79	215
79	470
79	561
79	767
79	2682
80	439
80	2208
81	2045
82	648
83	240
83	296
83	306
83	411
83	549
83	566
83	1379
83	1441
83	1554
84	295
84	748
85	156
85	348
85	716
85	951
85	999
85	1241
85	1242
85	1348
85	1551
85	1804
86	295
86	426
86	466
86	553
86	566
86	2369
87	250
87	374
87	653
87	736
88	384
88	720
88	2022
88	2246
89	117
89	209
89	226
89	252
89	372
89	588
89	683
89	761
89	763
90	431
90	636
90	639
91	681
92	746
92	748
93	137
93	480
93	553
93	566
93	1260
93	2439
94	726
94	760
95	127
96	162
96	359
96	760
96	1256
97	439
97	479
97	650
97	2062
98	440
99	616
99	1955
99	2697
100	760
100	1256
100	1614
100	1620
100	1723
100	1804
100	1853
100	2579
100	2593
100	2680
101	266
101	759
101	1612
102	332
102	1113
102	2681
102	2687
103	405
103	1825
103	1894
103	1896
103	1965
103	2013
103	2334
103	2584
104	129
104	295
104	466
104	472
104	566
105	748
105	772
106	249
106	1327
106	2435
107	598
108	109
108	251
108	499
108	899
108	1289
108	1938
109	251
109	305
109	499
109	899
109	1289
110	172
110	460
110	489
110	508
110	536
110	636
110	641
110	673
110	779
110	885
110	956
110	968
110	1075
110	1297
110	1662
110	1889
110	2054
110	2055
110	2316
111	688
111	746
111	748
112	351
113	573
113	625
113	748
113	882
114	748
115	172
116	139
116	905
116	1714
116	2154
116	2422
117	687
117	2429
118	156
118	346
118	453
118	514
119	466
119	566
119	637
120	229
120	431
120	687
121	189
121	1185
121	1960
121	2176
122	596
122	732
122	1826
122	1991
123	125
123	128
123	1094
123	2401
124	554
125	128
125	746
125	748
125	2401
126	161
126	395
126	1858
127	2209
128	746
128	748
128	2229
128	2401
129	295
129	566
130	164
130	189
130	539
130	1205
130	1410
130	1729
130	1974
130	2166
130	2194
130	2221
130	2364
130	2447
130	2452
131	460
131	641
131	673
133	347
134	395
134	609
134	612
135	506
135	1119
135	1783
135	2136
136	419
136	655
137	160
137	245
137	480
137	987
137	1103
137	1260
137	1371
137	1414
137	1480
137	1540
137	1777
137	2173
137	2232
137	2400
137	2488
137	2544
137	2581
137	2636
138	139
138	417
138	749
139	417
139	749
139	893
139	1714
139	1717
140	189
140	2362
141	324
142	164
142	189
142	1185
143	228
143	231
143	392
143	521
143	824
143	1284
143	1319
143	1548
144	181
144	202
144	338
144	347
144	364
145	189
145	445
145	2103
146	164
146	391
146	1219
146	1225
146	1531
146	1647
146	2249
146	2252
146	2281
146	2287
146	2297
146	2522
147	428
147	748
148	480
149	211
149	461
149	657
149	1650
149	1688
151	644
152	361
152	1529
152	1596
153	1384
154	295
154	748
155	393
156	514
157	237
157	315
157	432
157	522
158	182
158	215
158	372
158	394
158	561
158	717
158	741
158	767
158	898
158	917
158	980
158	1018
158	1039
158	1076
158	1290
158	1341
158	1376
158	1453
158	1551
158	1638
158	1719
158	2020
158	2022
158	2096
158	2231
158	2418
158	2541
158	2681
159	185
159	434
159	599
159	708
160	986
160	2067
160	2173
160	2544
160	2675
161	323
161	470
161	1858
161	2541
161	2682
162	685
162	714
162	760
162	997
162	1148
162	2312
163	174
163	776
164	175
164	189
164	190
164	192
164	220
164	238
164	267
164	291
164	310
164	347
164	381
164	391
164	396
164	403
164	416
164	423
164	449
164	524
164	531
164	547
164	564
164	603
164	607
164	625
164	659
164	660
164	690
164	715
164	718
164	728
164	744
164	745
164	758
164	766
164	770
164	782
164	794
164	801
164	814
164	857
164	911
164	936
164	941
164	943
164	962
164	967
164	983
164	1031
164	1061
164	1066
164	1070
164	1071
164	1099
164	1100
164	1107
164	1111
164	1114
164	1115
164	1128
164	1131
164	1137
164	1140
164	1154
164	1160
164	1179
164	1206
164	1207
164	1208
164	1219
164	1220
164	1225
164	1226
164	1254
164	1258
164	1275
164	1278
164	1287
164	1304
164	1306
164	1334
164	1335
164	1363
164	1380
164	1381
164	1405
164	1411
164	1458
164	1468
164	1499
164	1516
164	1531
164	1537
164	1545
164	1559
164	1572
164	1573
164	1574
164	1576
164	1591
164	1595
164	1612
164	1651
164	1676
164	1686
164	1690
164	1692
164	1697
164	1716
164	1718
164	1729
164	1730
164	1735
164	1776
164	1785
164	1793
164	1800
164	1808
164	1832
164	1851
164	1873
164	1891
164	1906
164	1944
164	1972
164	2040
164	2078
164	2117
164	2174
164	2176
164	2178
164	2197
164	2201
164	2203
164	2205
164	2233
164	2249
164	2252
164	2260
164	2266
164	2275
164	2281
164	2287
164	2296
164	2297
164	2299
164	2317
164	2362
164	2364
164	2397
164	2452
164	2519
164	2522
164	2555
164	2558
164	2564
164	2565
164	2601
164	2605
164	2639
164	2660
164	2668
164	2674
165	518
165	741
166	433
167	458
167	650
167	1126
168	553
168	555
168	560
168	1460
169	476
169	1729
169	1757
169	2605
170	213
170	571
171	251
173	246
173	431
173	636
174	295
174	553
174	566
174	567
174	576
174	1379
174	2486
175	502
175	504
175	2410
176	748
177	380
177	757
178	431
178	636
178	886
178	912
178	966
178	1490
178	1960
178	2193
179	287
179	379
180	332
180	609
180	612
181	351
182	519
182	663
182	767
183	469
183	492
184	455
184	540
184	542
185	429
185	433
185	434
186	325
186	333
186	390
187	295
187	567
187	589
187	748
188	463
189	190
189	263
189	381
189	416
189	524
189	718
189	722
189	756
189	758
190	396
190	2103
190	2665
191	357
191	520
191	2224
192	295
192	396
192	449
193	194
193	281
193	421
193	440
193	511
193	520
193	706
194	239
194	281
194	421
194	520
194	2550
195	674
196	197
196	708
196	736
197	217
197	708
198	296
198	634
198	750
199	656
199	748
200	592
200	641
201	537
201	1465
201	1892
202	351
202	428
202	1719
202	1991
203	205
203	428
203	748
203	772
204	360
204	748
204	2500
205	275
205	598
205	742
205	748
205	1646
205	1812
205	2411
205	2651
206	428
206	601
206	746
206	748
207	537
207	1029
207	1043
207	1489
207	1491
207	1892
208	689
208	748
208	1537
208	1677
209	431
209	636
209	1271
209	1570
209	2344
210	416
210	2335
210	2705
211	296
211	553
211	645
211	739
211	1460
212	326
212	646
212	1528
212	2077
213	571
213	577
214	491
214	493
214	735
215	470
215	588
216	479
216	697
216	2062
216	2381
217	736
218	686
218	748
218	2356
219	379
219	479
219	1291
220	403
220	564
220	713
220	758
220	847
220	1326
220	1405
220	1690
220	1739
220	2564
221	296
221	491
221	553
222	630
223	582
223	644
224	431
224	687
225	598
225	1602
225	1820
226	687
226	2429
227	618
228	297
228	379
228	439
228	479
228	639
228	824
228	1319
228	1548
228	2320
229	260
229	324
229	901
229	1693
229	2466
229	2618
230	478
230	748
231	392
231	407
231	428
231	521
231	1284
231	1285
232	286
232	487
233	269
233	614
234	596
234	1991
235	748
236	748
237	431
237	1271
237	1272
237	1618
238	330
238	1061
239	302
239	490
239	1816
240	553
240	566
240	1379
241	2309
241	2653
242	764
243	575
243	1007
244	358
244	729
245	566
245	751
246	1637
247	561
248	501
248	564
248	983
248	1118
248	1262
248	1974
248	2258
248	2447
249	399
249	420
249	1327
249	2089
250	653
250	2650
251	305
251	428
251	499
251	500
251	578
251	585
251	640
251	695
251	709
251	737
252	483
252	866
252	933
252	1506
252	1878
252	2561
253	295
253	563
253	689
254	1816
254	2671
255	1177
256	422
256	570
256	768
257	431
257	635
257	636
257	929
257	984
257	2226
257	2370
258	481
258	668
259	269
259	401
259	436
259	545
259	752
259	1032
259	1112
260	321
260	583
261	420
261	620
261	1325
261	1528
261	2070
261	2167
261	2525
261	2560
262	346
262	627
263	267
263	794
263	1981
264	669
264	2422
265	636
265	639
266	759
268	335
268	460
268	733
269	614
269	617
269	2047
269	2572
271	277
271	340
271	343
271	468
271	496
271	574
272	719
272	2057
273	517
273	915
273	1552
274	373
275	479
275	567
276	465
277	343
277	468
277	1994
277	2116
277	2547
278	295
278	484
278	524
278	553
278	568
279	325
279	327
279	1899
280	465
281	520
281	2550
282	461
282	859
283	590
283	593
284	524
284	566
284	748
284	2094
285	487
285	584
286	487
286	1149
287	379
287	1964
287	2196
288	550
288	592
288	641
289	1378
289	2038
289	2158
289	2381
290	613
290	1279
290	1499
290	1535
290	1536
290	1538
290	2569
291	1840
291	1912
291	2221
292	488
293	760
293	905
294	388
294	577
295	466
295	467
295	478
295	484
295	503
295	555
295	565
295	566
295	567
295	589
295	634
295	637
295	639
295	666
295	700
295	808
295	1354
295	1439
295	1673
295	2431
295	2477
296	472
296	566
296	1013
296	1317
296	1783
296	2079
297	439
297	639
297	693
297	1237
298	442
298	810
298	1322
299	411
299	553
300	597
300	747
300	1828
300	2084
300	2111
301	594
301	1622
302	490
303	429
303	433
303	599
304	427
304	479
304	1175
304	2092
305	428
305	1462
305	1913
306	411
306	553
306	566
307	553
307	555
307	566
307	968
307	1377
308	599
308	736
309	1457
309	2029
311	669
311	748
311	2514
312	407
312	553
313	428
313	578
313	646
313	773
314	535
314	802
314	1355
314	1378
314	1643
315	510
315	1074
315	1245
315	1597
315	1685
315	1727
316	748
317	345
318	418
318	509
318	2327
319	427
319	446
319	687
319	992
319	1174
319	1645
319	2311
319	2334
319	2428
320	1274
322	567
322	1193
322	1955
322	2180
322	2306
323	968
323	1028
323	1645
323	2509
324	1323
324	2468
324	2561
325	327
325	328
325	333
325	390
326	1202
327	328
328	946
328	1533
328	1900
329	748
329	2620
331	355
331	360
331	577
331	732
331	748
332	775
333	390
333	1065
334	464
334	478
334	566
334	567
336	345
336	379
336	427
336	586
337	748
338	347
338	364
339	628
340	343
340	496
340	1550
340	1603
341	342
341	530
341	710
342	530
342	710
343	468
343	496
343	730
343	777
343	1801
343	1946
343	1994
343	2017
343	2547
344	531
344	1099
344	1275
344	1304
344	1524
344	1572
344	1578
345	349
345	522
345	676
345	964
345	1008
345	1245
345	1261
345	1268
345	1276
345	1313
345	1443
345	1446
345	1623
345	1628
345	1672
345	1882
345	2033
345	2172
345	2216
345	2230
345	2291
345	2292
345	2340
345	2427
345	2442
345	2590
345	2610
345	2618
346	623
346	1925
346	2267
346	2390
346	2422
347	364
348	453
348	714
348	999
348	1000
349	639
349	1245
349	1597
350	748
351	352
351	428
351	665
351	731
351	771
352	731
353	905
353	1373
354	428
354	748
355	577
355	840
355	1073
355	1521
356	577
356	746
356	1094
356	1095
356	1563
356	2069
357	511
358	538
358	804
358	1564
358	2090
359	1256
360	809
360	1069
360	1321
360	1343
360	1788
360	1872
360	2323
360	2377
360	2423
360	2499
360	2500
360	2506
360	2568
361	699
363	748
363	2192
365	366
365	367
365	591
366	591
366	2113
366	2573
367	591
368	441
368	484
368	553
368	566
369	612
369	748
370	748
371	553
371	563
371	876
372	2508
374	653
375	456
375	553
376	636
376	639
376	837
376	1577
377	559
377	642
377	705
378	623
379	397
379	586
379	693
379	961
379	1028
379	1062
379	1208
379	1239
379	1276
379	1291
379	1540
379	1645
379	1679
379	1964
379	2013
379	2043
379	2196
379	2291
379	2292
379	2448
379	2584
380	757
381	935
381	1258
381	1474
381	1475
381	1738
381	1785
381	2197
381	2642
382	431
382	636
382	687
382	2343
383	1237
383	1838
383	2133
384	632
384	639
386	566
386	568
387	612
387	746
387	748
389	440
389	2591
390	578
390	1938
392	428
392	439
392	1284
395	609
397	479
398	660
398	748
398	2347
399	420
399	777
400	428
400	1251
400	1252
401	556
401	2355
401	2361
402	443
402	578
402	633
402	2463
403	404
403	539
403	682
404	2105
404	2303
404	2310
406	754
406	1286
406	1593
407	428
407	2308
408	513
408	1299
408	1764
408	1876
408	2440
409	631
410	754
410	1299
410	1607
410	2583
411	566
412	513
412	537
412	1471
412	1601
412	1892
412	2233
412	2583
412	2595
413	553
413	689
414	612
415	441
415	909
415	1175
415	1443
415	1446
415	1878
416	524
416	713
416	790
416	996
416	1738
416	1791
416	1833
416	1837
416	2104
416	2354
416	2665
417	1714
417	1914
417	2511
418	509
419	480
419	741
419	1199
419	1270
419	1313
420	1327
420	1528
420	1748
421	440
421	520
421	2215
421	2591
423	1070
423	1686
423	1692
424	558
424	559
424	1291
424	1935
424	2426
425	572
426	566
427	837
427	938
427	1062
427	1188
427	1276
427	1487
427	1529
427	1577
427	2127
427	2370
427	2432
428	462
428	478
428	494
428	495
428	527
428	562
428	585
428	588
428	611
428	659
428	666
428	675
428	697
428	699
428	824
428	917
428	947
428	955
428	1038
428	1104
428	1275
428	1284
428	1285
428	1319
428	1341
428	1400
428	1406
428	1489
428	1548
428	1578
428	1761
428	1767
428	1812
428	1915
428	1976
428	2000
428	2025
428	2045
428	2256
428	2259
428	2296
428	2307
428	2384
428	2389
428	2413
428	2438
428	2449
428	2454
428	2575
428	2659
428	2684
429	433
429	434
429	599
430	1291
430	1515
431	525
431	548
431	633
431	635
431	636
431	652
431	684
431	687
431	1021
431	1166
431	1208
431	1271
431	1285
431	1569
431	1570
431	1618
431	1638
431	1699
431	1793
431	2034
431	2138
431	2198
431	2344
431	2488
431	2558
431	2594
432	1609
432	2138
433	434
433	599
435	598
435	1340
435	2474
436	752
437	636
439	551
439	608
439	617
439	693
439	711
439	721
441	563
442	639
443	636
443	1909
445	754
446	691
447	553
447	555
448	631
448	1472
448	1502
450	480
450	567
450	639
450	1540
451	647
451	955
451	2559
452	553
452	2538
452	2667
453	514
454	515
454	550
454	592
454	707
454	877
454	1026
454	1125
454	1270
454	1359
454	1450
454	1567
454	1662
454	1713
454	2035
454	2060
454	2093
454	2099
454	2100
454	2157
454	2355
454	2456
454	2619
455	540
455	542
455	1369
456	553
457	550
457	570
457	673
457	1297
457	1561
457	1749
457	2100
457	2456
457	2654
458	650
459	746
459	748
460	641
460	1706
463	1645
463	2583
464	478
464	484
464	565
465	468
465	574
466	467
466	524
466	566
466	567
466	2028
466	2369
466	2673
467	553
467	566
467	567
468	496
468	730
468	2001
468	2017
469	492
469	897
469	1714
469	2378
471	479
472	622
472	1046
472	1633
472	1860
473	553
473	567
473	651
473	1007
474	553
474	1460
475	636
475	699
477	606
477	1057
477	1092
478	566
478	567
478	746
478	1646
478	1767
478	2410
478	2659
479	480
479	498
479	521
479	524
479	566
479	569
479	619
479	755
480	650
480	1355
480	1628
480	2301
480	2637
481	668
481	2271
481	2571
483	552
483	579
484	553
484	567
484	651
484	750
484	934
485	642
485	643
485	1575
486	712
486	1839
486	2381
486	2515
486	2562
487	1149
487	1279
487	1598
487	2277
488	539
489	550
489	592
489	2054
490	748
490	1816
490	2671
491	493
491	735
492	2319
492	2378
493	566
493	735
493	1187
493	1742
493	2324
493	2420
495	748
497	502
497	664
497	1897
497	2394
498	2343
500	1288
500	1289
501	564
501	1768
501	2445
502	504
502	664
503	566
503	568
503	748
503	2537
504	1814
504	1852
504	1953
504	2030
504	2397
505	703
507	515
508	550
508	799
508	1889
508	2392
508	2428
508	2549
509	524
509	2327
510	670
511	520
511	2224
512	612
515	570
516	638
516	2165
518	1171
518	1199
518	2510
519	663
519	767
519	2533
520	706
520	2224
520	2449
520	2550
520	2591
520	2609
521	525
521	720
522	639
522	1082
522	1083
522	1260
522	2313
523	526
524	541
524	552
524	566
524	718
524	871
524	883
524	911
524	962
524	1215
524	1617
524	1677
524	1688
524	1791
524	1922
524	1932
524	2409
524	2443
524	2481
524	2552
524	2601
524	2643
525	1170
525	1455
526	685
526	1420
526	1426
526	1428
527	748
528	748
528	1657
528	1969
528	2607
528	2663
529	679
530	710
532	694
532	1491
532	2188
534	778
536	673
536	762
536	1561
538	607
538	1205
539	1037
539	1205
539	1690
539	1739
539	2166
539	2194
539	2310
540	542
540	1124
540	1210
540	1211
540	1454
540	1666
541	544
541	604
541	1122
541	1641
542	1124
543	748
543	780
543	1204
545	752
546	748
549	553
549	566
549	1860
549	1861
550	575
550	592
550	641
550	673
551	570
551	1423
551	2424
552	2216
552	2474
553	555
553	560
553	576
553	602
553	622
553	637
553	645
553	654
553	672
553	689
553	692
553	724
553	739
553	750
554	2460
555	566
555	876
555	1860
556	557
556	616
556	2355
557	616
557	2355
557	2361
558	559
559	906
559	1138
559	1533
559	1556
559	1642
559	1817
559	1935
559	2035
559	2464
559	2661
560	1379
560	1817
560	2342
561	741
561	939
561	956
561	1376
561	1453
561	2288
562	746
562	748
563	672
563	1118
563	1184
563	1402
563	1890
563	2015
563	2019
565	566
565	739
565	1842
566	567
566	576
566	602
566	622
566	634
566	645
566	672
566	692
566	739
566	774
566	843
566	883
566	911
566	1013
566	1214
566	1317
566	1374
566	1377
566	1379
566	1402
566	1439
566	1441
566	1530
566	1541
566	1547
566	1586
566	1617
566	1677
566	1728
566	1742
566	1783
566	1791
566	1860
566	1958
566	1976
566	2028
566	2119
566	2443
566	2473
566	2481
566	2486
566	2629
566	2630
566	2643
566	2673
567	589
567	634
567	672
567	689
567	700
567	734
567	859
567	1448
567	1460
567	1545
567	1644
567	1783
567	1817
567	2222
567	2481
567	2486
567	2659
568	971
568	1829
569	844
570	711
570	768
570	1001
570	1026
570	1093
570	1182
570	1270
570	1274
570	1431
570	1458
570	1523
570	1713
570	1987
570	2100
571	577
571	873
571	875
571	1068
571	1201
571	1244
571	1246
571	1247
571	1259
571	1382
571	1521
571	1525
571	1710
571	1815
571	1923
571	2027
572	1763
572	2332
572	2496
572	2695
573	625
573	748
573	882
575	641
575	673
575	1007
575	1828
575	1963
575	2041
575	2361
575	2476
576	739
576	844
576	883
576	1379
576	2486
577	606
577	727
577	732
577	835
577	840
577	864
577	875
577	1015
577	1068
577	1201
577	1246
577	1259
577	1382
577	1525
577	1527
577	1711
577	1802
577	1815
577	1923
577	1933
577	2027
577	2553
578	1503
578	1533
578	2035
578	2493
578	2661
579	1123
579	1334
579	1878
580	612
580	697
580	748
581	582
581	923
581	1127
581	1213
581	1216
581	1498
583	819
583	1499
583	1793
584	644
584	1127
584	1215
584	1279
584	2372
584	2399
584	2569
585	640
586	912
586	1062
586	1276
586	2092
586	2291
586	2292
588	2240
589	700
589	748
590	593
590	1510
592	641
592	673
592	849
592	1033
592	1106
592	1187
592	1359
592	2055
592	2156
592	2183
592	2476
592	2691
593	1145
593	1510
594	595
595	1123
595	1195
595	1622
598	676
600	748
601	746
601	748
601	1053
602	612
602	1742
603	1115
603	2335
604	671
604	1048
604	1641
605	669
606	677
608	822
608	1056
608	1307
609	612
609	681
609	976
609	2231
610	720
610	748
611	748
612	634
612	717
612	719
612	720
612	865
612	900
612	939
612	1080
612	1104
612	1117
612	1266
612	1316
612	1353
612	1489
612	1494
612	1500
612	1565
612	1669
612	1733
612	1756
612	1764
612	1936
612	2051
612	2231
612	2261
612	2326
612	2341
612	2353
612	2379
612	2386
612	2502
612	2506
612	2541
612	2677
613	630
613	1047
613	1349
613	2569
614	617
614	2108
614	2497
614	2572
615	616
617	2047
619	639
621	748
622	739
622	1860
624	638
624	1065
624	1173
624	1938
624	2141
624	2342
625	660
625	701
626	660
626	701
627	688
628	1058
628	1271
628	1563
628	1680
629	748
630	1536
630	1538
632	1058
632	1563
633	636
633	684
633	1583
633	1910
633	2509
634	1460
635	636
635	687
635	1514
635	1571
635	2594
636	641
636	652
636	661
636	684
636	687
636	723
637	765
637	1574
637	2028
637	2174
637	2175
637	2205
637	2234
637	2673
637	2688
639	702
639	723
639	780
639	863
639	1028
639	1190
639	1313
639	1328
639	1461
639	1469
639	1540
639	1809
639	1896
639	1920
639	2046
639	2147
639	2172
639	2410
639	2427
639	2466
639	2542
639	2674
640	1764
641	733
641	1364
641	1898
641	2055
641	2476
642	1740
643	698
644	1122
644	1905
644	2490
646	743
649	694
650	753
650	1644
650	2124
650	2295
650	2404
650	2561
650	2582
651	657
651	1007
651	1558
654	2481
655	1261
656	748
657	658
657	774
658	1582
659	1578
660	696
662	1192
664	2394
665	979
666	748
667	746
668	868
668	1357
668	1929
668	1975
668	2073
668	2228
668	2271
668	2571
669	976
669	1316
669	1509
669	2414
669	2415
669	2563
669	2684
672	1460
672	1600
673	925
673	1004
673	1005
673	1294
673	1344
673	1364
673	1387
673	1461
673	2005
673	2041
673	2330
673	2361
673	2654
673	2697
676	1430
676	1443
676	1446
676	2216
676	2340
677	1015
677	1057
677	1092
681	748
682	713
682	2310
683	1792
683	2431
684	687
684	1861
685	780
685	1426
685	1551
686	748
687	761
687	1274
687	1699
687	2542
687	2558
688	742
688	746
688	1158
688	1565
688	1701
688	1705
688	2382
688	2684
689	836
689	1249
690	968
690	1581
690	1827
691	2458
692	1558
692	1650
692	2659
693	1192
694	1472
694	1502
696	748
696	1968
697	748
697	1673
699	1432
700	748
701	748
701	880
702	1645
704	748
704	2234
706	1911
709	1117
711	848
713	1037
713	1966
713	2665
715	834
715	1036
715	1219
715	1300
715	2090
718	1123
718	1878
718	2503
718	2569
720	748
720	1113
720	1134
720	1667
720	1839
720	2562
725	748
725	2613
727	1069
727	1419
728	1017
728	1137
728	1800
729	944
729	1017
729	1128
729	1306
729	1467
730	1946
730	1994
731	771
731	1890
732	809
732	1451
732	1657
732	1779
733	1898
736	1957
736	2107
736	2528
736	2650
737	1117
738	748
738	2025
739	1184
739	1214
739	1377
739	1586
739	1728
739	1742
739	2629
739	2630
741	930
741	1560
741	1665
741	1668
741	1684
741	1704
742	748
742	1158
743	773
743	1241
744	745
744	2031
744	2078
744	2317
744	2660
745	2031
745	2078
745	2317
746	772
746	963
746	1158
746	1565
746	1701
746	1705
746	1757
746	1764
746	1885
746	1886
746	1887
746	1933
746	2163
746	2166
746	2326
746	2337
746	2438
748	764
748	772
748	780
749	1927
749	1934
749	1942
750	1460
750	2486
753	1622
756	758
756	1405
756	2059
758	847
758	1966
758	2059
759	1981
761	2429
764	1880
764	2356
765	770
765	911
765	1312
765	1574
765	1582
765	2175
765	2688
767	980
767	2533
769	773
771	1286
773	1148
773	1241
773	1242
773	1503
773	2077
773	2167
773	2168
774	1644
774	1688
775	1494
775	2708
776	876
776	1460
777	1327
777	2089
777	2167
780	1204
781	1140
781	1599
782	847
782	1185
782	1534
783	1533
784	1156
784	1329
784	1408
784	1813
785	846
785	918
785	1339
785	1614
786	863
786	1156
786	1329
786	1514
786	1813
787	792
787	1004
787	1005
787	1364
788	1288
788	1289
788	1438
789	946
789	1269
789	1415
789	2324
789	2342
789	2426
790	1207
790	1410
791	1235
791	1511
791	2058
792	1004
792	1005
792	1561
792	1662
793	799
793	1096
794	857
794	944
794	960
794	1070
794	1071
794	1111
794	1128
794	1140
794	1206
794	1250
794	1331
794	1334
794	1335
794	1381
794	1456
794	1468
794	1692
794	1695
794	1716
794	1735
795	796
796	866
797	1630
798	1646
799	1096
799	1106
799	1434
800	1123
800	1700
800	1707
800	2657
801	1137
802	1476
802	1543
803	974
803	1169
804	1440
804	1564
805	1460
805	1586
805	1665
805	1698
806	931
806	991
807	1122
807	1139
807	1355
808	1439
808	1673
809	864
809	1321
809	1343
809	1451
810	813
810	815
810	909
810	920
810	1045
810	1081
810	1130
810	1191
810	1223
810	1230
810	1366
810	1616
810	1640
811	1288
811	1719
812	911
812	1141
812	1254
813	815
813	1045
813	1081
813	1342
813	1366
814	1524
815	1045
815	1081
815	1130
815	1322
815	1366
816	881
816	1524
817	882
817	1204
818	819
818	820
818	1126
818	1213
818	1368
819	820
819	1126
819	1213
819	1216
820	1155
820	1213
820	1216
821	830
821	1116
821	1147
821	1253
822	1390
822	1422
823	1485
823	1645
824	1284
825	1216
825	1622
825	1708
826	1216
826	1708
827	1238
827	1274
827	1423
827	1458
827	1607
828	910
828	914
828	1528
828	1895
829	1423
829	1458
830	963
830	1253
831	1253
832	886
832	2244
832	2467
833	1053
833	1702
834	1219
834	1517
834	1797
834	2002
835	1068
835	1521
835	1815
835	1822
836	1249
837	1267
837	1596
838	1008
838	1490
838	1687
839	1459
840	875
840	1068
840	1073
840	1521
840	1527
840	1710
841	1197
842	1241
842	2560
843	1541
844	1102
844	2659
845	935
845	975
845	1185
845	1785
847	1534
847	2174
847	2205
848	849
848	968
848	1033
848	1403
848	1469
849	968
849	1033
849	1224
849	1389
849	1401
849	1469
849	1608
849	1740
850	1721
851	918
852	1492
853	1016
853	1655
854	1020
854	1054
854	1733
854	2424
855	1179
855	1232
855	2212
855	2599
856	1339
856	1655
857	1017
857	1154
858	1126
858	1484
858	2061
859	992
859	1085
859	2036
859	2304
859	2557
860	1199
861	935
861	1185
861	1912
861	1941
862	1237
862	1432
862	1679
863	987
863	1020
863	1156
863	1408
863	1514
863	1813
863	2365
863	2424
864	2500
865	1080
866	933
866	1506
866	2561
867	891
868	1494
869	1644
869	1650
870	1375
871	1688
872	1592
873	1521
874	921
874	1521
875	1521
876	934
876	1193
877	1007
877	1026
877	1270
878	1011
878	1570
878	1579
878	1652
879	1024
879	1473
880	980
881	1524
882	1120
882	1204
882	1257
882	1412
882	2204
882	2296
882	2406
882	2424
882	2455
882	2703
883	1013
883	1317
883	1379
883	1530
883	1617
884	1211
884	1666
885	1659
886	1336
887	1296
888	984
888	1532
889	897
889	1732
890	893
890	905
890	1714
890	2154
892	1438
893	905
893	1714
893	1717
894	1175
894	1260
894	1291
895	1256
896	1437
897	1373
898	1241
899	1688
900	1565
900	1566
900	1673
901	1208
901	1352
901	1534
901	1584
902	1498
902	1554
902	1555
903	911
903	965
903	966
903	967
903	982
903	1175
904	1492
904	1673
905	1373
905	1734
906	977
906	1288
906	1394
906	1398
907	1020
907	1861
908	1253
909	920
909	2305
910	914
910	1528
910	1895
911	965
911	967
911	982
911	983
911	1118
911	1132
911	1141
911	1222
911	1254
911	1312
911	1433
911	1482
911	1574
911	1590
911	1591
911	1674
912	1355
913	1150
913	1151
913	1241
913	1242
915	1552
916	1173
916	1295
917	1039
917	2374
917	2375
917	2687
918	1339
919	1253
920	1130
921	1521
922	1266
922	1726
923	924
923	1234
923	1417
924	1127
924	1234
924	1417
925	1310
925	1461
925	1481
925	1540
926	1533
927	1020
927	1113
928	1020
928	1329
929	984
929	1637
930	1560
930	1698
930	2443
931	1063
931	1255
932	1001
932	1054
932	1464
932	1485
933	1506
935	941
935	1010
935	1354
935	1632
936	1137
937	1516
938	1235
939	1128
939	2197
940	1243
942	1442
942	1718
943	1154
944	1017
944	1467
944	1647
945	1336
945	1338
946	1288
946	1415
947	1180
947	1601
948	1329
949	1282
949	1283
949	1447
950	1513
950	1609
951	1241
951	1242
952	1402
952	1555
952	2606
953	1065
953	1661
954	973
955	970
955	1462
955	1592
956	1281
957	996
957	1179
957	1232
957	2599
958	968
959	1410
960	1131
961	1293
961	1302
962	1516
964	1520
965	966
965	967
965	1141
965	1433
965	1482
965	1674
966	967
966	982
966	1061
966	1141
966	1254
966	1433
966	1482
966	1591
966	1674
967	1132
967	1141
967	1482
967	1674
968	1033
968	1395
968	1401
968	1562
969	1286
971	975
971	1379
971	1397
971	1534
972	1327
972	1528
972	1603
972	2167
974	994
976	1080
977	1269
977	1288
977	1394
978	1235
979	1594
979	1826
979	1955
980	1826
980	1846
981	1489
982	1141
984	1003
984	1303
984	1532
984	1637
984	1736
985	1049
986	1103
986	2039
986	2067
987	1643
987	1645
987	2485
987	2606
987	2615
987	2617
988	1241
988	1609
989	1516
990	1069
990	1419
991	1775
992	1085
992	1369
993	1355
995	1355
996	1179
996	1231
996	1232
996	1233
996	1496
996	1691
996	1972
996	1986
996	2140
996	2674
997	1016
998	1272
999	1241
999	1242
1000	1241
1000	1464
1000	1513
1001	1186
1002	1355
1003	1736
1004	1005
1004	1344
1004	1365
1004	1470
1004	1898
1004	2029
1004	2147
1004	2183
1004	2484
1005	1344
1005	1365
1005	1470
1005	2147
1005	2351
1005	2484
1006	1314
1007	1026
1007	2041
1007	2361
1008	1920
1008	2218
1008	2427
1009	1012
1009	1487
1009	1570
1010	1080
1010	2176
1011	1012
1011	1062
1011	1183
1011	1570
1011	1579
1011	1652
1012	1570
1014	1157
1015	1057
1015	1092
1016	1339
1017	1071
1017	1111
1017	1206
1017	1306
1017	1467
1017	1671
1017	1730
1018	1575
1019	1137
1019	1140
1019	1143
1020	1257
1020	1291
1021	1323
1021	1329
1021	1330
1021	1338
1021	2578
1022	1465
1023	1283
1024	1091
1025	1054
1025	1336
1025	2339
1026	1239
1026	1291
1026	1389
1026	1450
1026	1713
1027	1106
1027	1434
1028	1323
1028	1337
1028	1389
1029	1038
1029	1043
1029	1436
1029	1611
1030	1091
1030	2457
1031	1137
1031	1797
1031	1947
1032	1329
1033	1336
1034	1175
1035	1179
1035	1731
1036	1217
1036	1219
1037	1663
1038	1043
1038	1471
1038	1611
1039	1197
1040	1355
1041	1355
1042	1322
1043	1044
1043	1436
1044	1436
1045	1342
1045	1366
1046	1541
1047	1122
1047	1345
1047	1346
1047	2707
1048	1345
1048	1346
1048	1349
1048	1355
1048	1356
1048	1421
1050	1293
1050	1330
1050	1499
1051	1172
1051	1307
1051	1390
1051	1493
1051	1500
1051	1592
1052	1053
1052	2577
1053	1067
1054	1192
1054	1198
1054	1464
1054	1569
1054	1608
1055	1250
1056	1060
1056	1285
1058	1308
1058	1360
1058	1485
1059	1212
1059	2455
1061	1137
1061	1524
1061	1891
1061	2040
1062	1245
1062	1579
1062	1652
1063	1255
1063	1324
1063	2652
1064	1066
1064	1137
1064	1154
1064	1629
1065	1938
1066	1107
1066	1154
1066	1280
1066	1306
1068	1802
1068	1815
1069	2500
1069	2501
1070	1097
1070	1456
1070	1686
1071	1154
1072	1293
1072	1330
1072	1499
1073	1521
1074	1113
1074	1183
1074	1570
1074	1637
1075	1175
1076	1341
1077	1079
1077	1087
1077	2462
1078	1154
1079	1087
1079	2462
1080	1104
1080	1316
1080	1390
1080	1719
1080	1725
1081	1130
1081	1322
1082	1083
1082	1260
1083	1260
1083	2313
1084	1661
1085	2036
1086	1293
1087	1241
1087	1528
1087	1546
1087	1583
1087	1642
1088	1513
1089	1566
1090	1355
1092	1289
1093	1485
1094	1660
1094	2086
1094	2229
1095	1660
1095	2086
1095	2229
1096	1361
1096	1434
1096	1457
1098	1394
1099	1306
1099	1912
1100	1179
1101	1465
1102	1112
1102	1329
1103	1175
1103	1371
1103	1414
1103	1480
1104	1580
1105	1261
1105	1263
1106	2357
1107	1306
1108	1329
1108	1618
1109	1504
1109	1505
1109	1507
1109	1508
1110	1329
1110	1571
1110	2152
1111	1729
1111	1730
1112	1329
1112	1340
1112	1413
1112	1571
1112	2293
1113	1404
1113	1513
1113	1619
1113	2416
1114	1154
1114	1381
1115	1118
1115	1262
1115	1372
1115	1589
1115	1604
1115	1697
1116	1253
1117	1594
1118	1226
1118	1262
1118	1589
1118	1604
1118	2090
1118	2333
1119	1541
1120	1204
1120	2406
1121	1678
1121	2276
1122	1139
1122	1345
1122	1641
1123	1195
1123	1535
1124	1177
1124	1189
1124	1355
1124	1484
1124	1675
1124	1681
1125	1567
1125	1568
1126	1484
1126	1497
1127	1213
1127	1498
1127	2372
1127	2373
1127	2490
1128	1154
1129	1289
1129	1394
1130	1191
1130	1223
1131	1335
1132	1254
1133	1310
1134	1667
1135	1265
1135	2282
1136	1175
1136	1443
1136	1445
1137	1143
1137	1287
1137	1334
1137	1517
1137	1524
1137	1559
1137	1576
1137	1595
1137	1741
1138	1460
1138	1688
1139	1345
1139	1421
1139	1598
1139	2707
1140	1573
1140	1599
1141	1312
1141	2295
1142	1173
1142	1241
1142	1242
1144	1405
1144	2166
1144	2430
1145	1510
1146	1324
1147	1677
1148	1241
1148	1242
1148	1348
1149	1356
1149	1535
1149	1598
1150	1151
1150	1324
1150	1892
1150	2045
1151	1324
1151	1631
1152	1351
1153	1454
1154	1205
1154	1206
1154	1220
1154	1258
1154	1411
1154	1456
1154	1612
1154	1676
1155	1532
1156	1329
1156	1408
1156	1602
1156	1813
1158	1701
1158	1705
1159	1551
1159	1556
1160	1486
1160	2565
1161	1167
1162	1561
1162	1593
1162	1703
1162	2325
1162	2424
1162	2658
1163	1614
1164	1498
1164	1499
1164	1535
1165	1571
1165	1585
1165	1627
1166	1328
1168	1331
1168	1332
1168	1333
1170	1285
1170	1455
1171	1199
1173	2109
1173	2342
1174	1329
1174	2584
1175	1298
1176	1326
1176	1629
1177	1286
1177	1355
1177	1593
1177	2273
1178	1181
1178	1520
1178	1621
1178	1628
1179	1231
1179	1232
1179	1233
1179	1363
1179	1477
1179	1689
1179	1691
1179	1737
1179	1738
1181	1621
1182	1432
1183	1570
1183	1579
1183	1685
1183	1727
1184	1194
1184	1203
1185	1363
1185	1785
1185	2200
1186	1522
1187	1269
1187	1310
1188	1235
1189	1355
1190	1644
1190	1688
1191	1322
1192	1291
1192	2424
1193	2151
1193	2474
1195	1622
1196	1204
1196	1324
1196	1631
1198	1291
1198	1485
1198	2635
1199	1297
1199	1684
1200	1551
1200	1703
1201	1521
1202	1241
1204	1412
1204	1631
1205	2625
1207	1545
1208	1334
1209	1430
1209	1435
1210	1216
1211	1454
1212	1248
1212	1521
1213	1498
1213	1553
1214	1650
1215	1636
1216	1700
1216	1708
1217	1300
1217	1572
1217	1720
1218	1350
1219	1300
1219	1425
1219	1517
1219	1531
1219	1572
1219	1671
1221	1485
1221	1609
1221	1619
1222	1798
1222	2704
1223	1322
1224	1336
1224	1423
1224	1608
1225	1334
1225	2674
1226	1334
1227	1235
1227	1291
1228	1237
1229	1650
1229	1688
1229	1689
1229	1694
1230	1616
1231	1232
1231	2471
1231	2599
1232	1233
1232	1496
1232	1986
1232	2087
1233	2212
1233	2599
1235	1264
1235	1276
1235	1511
1236	1513
1236	2509
1237	1670
1238	1423
1238	1458
1238	1485
1238	1522
1239	1291
1239	1501
1239	1551
1240	1388
1241	1242
1241	1348
1241	1528
1242	1348
1242	2560
1244	1246
1244	1525
1245	1597
1246	1521
1246	1525
1247	1521
1250	1409
1250	1474
1250	1475
1250	1729
1250	1735
1251	1252
1253	1478
1253	1486
1253	1635
1254	1312
1255	1465
1257	1645
1257	2676
1258	1720
1258	1873
1258	2088
1258	2176
1258	2260
1259	1521
1260	1945
1260	2214
1260	2313
1261	1270
1261	1313
1261	2091
1262	2090
1264	2586
1265	1739
1266	1726
1267	1302
1267	1577
1267	1664
1268	1336
1268	1501
1268	1513
1269	1415
1269	1758
1269	1843
1269	1899
1269	2141
1269	2324
1269	2420
1270	1313
1270	2619
1271	1336
1271	2343
1273	1282
1273	1283
1273	1347
1273	1452
1273	1605
1274	1423
1275	1304
1275	1306
1276	2291
1276	2292
1276	2618
1277	1504
1277	1505
1277	1507
1277	1526
1278	1477
1278	1534
1278	2153
1278	2278
1278	2471
1279	1535
1282	1283
1282	1347
1282	1452
1282	1472
1282	1605
1283	1447
1283	1472
1283	1495
1284	1285
1284	1319
1284	1548
1286	1299
1286	1383
1288	1398
1288	1415
1288	1438
1289	1415
1289	1462
1289	1503
1289	1594
1290	1453
1291	1645
1291	1713
1291	1919
1291	2081
1291	2170
1291	2330
1292	1549
1294	1593
1294	1601
1294	1607
1294	2285
1299	1593
1300	1393
1301	1321
1301	1343
1302	1596
1302	2347
1304	2203
1304	2348
1305	1355
1306	1576
1306	1741
1307	1311
1307	1500
1308	1658
1309	1504
1309	1505
1309	1507
1309	1508
1311	1500
1313	1429
1313	1623
1314	1383
1314	1624
1314	1656
1315	1530
1316	2453
1316	2596
1318	1355
1320	1392
1323	1623
1323	2540
1325	1544
1325	1748
1325	2077
1326	2171
1326	2310
1327	1603
1327	1748
1327	2145
1327	2162
1327	2435
1328	1570
1329	1413
1329	1424
1329	1514
1329	1569
1329	1585
1329	1645
1330	1987
1330	2128
1334	1370
1334	1468
1334	1515
1334	1709
1335	1697
1336	1338
1336	1340
1336	1479
1336	1513
1336	1608
1337	1479
1338	2301
1338	2344
1339	1655
1340	1571
1340	1679
1340	2444
1340	2678
1343	2455
1344	1364
1344	1365
1344	1457
1345	1346
1346	1641
1347	1452
1349	1536
1349	1538
1352	1499
1353	1673
1353	2675
1354	2303
1354	2318
1355	1421
1355	1427
1355	1466
1355	1675
1355	1681
1355	1696
1356	1641
1356	1649
1357	1431
1358	1462
1358	1512
1359	1568
1359	1662
1362	1464
1363	2176
1364	1365
1364	2169
1364	2476
1364	2654
1365	1470
1365	1706
1367	1374
1367	2240
1367	2374
1367	2375
1367	2414
1367	2415
1367	2514
1367	2563
1371	2693
1374	1719
1375	1549
1376	1453
1377	1547
1377	1728
1378	1643
1379	1441
1379	1541
1379	2486
1380	1612
1381	1612
1381	1718
1382	1525
1384	1385
1384	1399
1386	1654
1386	1707
1387	1716
1387	2361
1389	1587
1390	2708
1391	1492
1394	1398
1394	1415
1394	1438
1394	1503
1396	1542
1400	1464
1402	1555
1402	2606
1406	1464
1407	1464
1408	1627
1408	1813
1409	1922
1409	1932
1410	1798
1410	2221
1410	2601
1410	2704
1412	2204
1413	1432
1416	1505
1416	1507
1416	1526
1418	1422
1419	2500
1420	1551
1423	1658
1424	2584
1425	1531
1425	1800
1426	1551
1428	1551
1429	1602
1429	1623
1429	2080
1429	2230
1429	2330
1429	2425
1429	2494
1429	2540
1429	2618
1430	1602
1431	1485
1433	1574
1438	1594
1442	1639
1442	1718
1443	1445
1443	1446
1444	1541
1448	1516
1448	1582
1449	1622
1451	1711
1452	1605
1456	1686
1456	1695
1457	1470
1458	1463
1459	1715
1460	1541
1460	1688
1460	2079
1460	2222
1460	2405
1462	1594
1463	1658
1464	1513
1465	1471
1467	1651
1470	1662
1470	1706
1472	1502
1472	1634
1474	1475
1475	1729
1476	1643
1479	2339
1480	2018
1480	2544
1481	1533
1482	1574
1483	1485
1484	1499
1484	2053
1484	2061
1485	1501
1485	1522
1485	1523
1485	1693
1487	1570
1488	1529
1488	1533
1489	1491
1489	1669
1492	1606
1493	1725
1494	1733
1499	1535
1499	2159
1499	2399
1499	2451
1501	2181
1504	1505
1504	1508
1504	1526
1505	1507
1505	1508
1505	1526
1506	2561
1507	1508
1507	1526
1509	1725
1511	2058
1513	1609
1513	1672
1514	1813
1516	1582
1516	1712
1518	1613
1519	1537
1521	1525
1521	1527
1521	1710
1525	1527
1528	1544
1528	1748
1528	1895
1528	2077
1528	2089
1528	2167
1528	2222
1528	2421
1528	2525
1528	2526
1528	2562
1531	2090
1534	1731
1535	1557
1535	1598
1536	1538
1537	1729
1537	2505
1538	1557
1539	1725
1540	2092
1546	1583
1546	1910
1550	1603
1551	1556
1551	1625
1553	1554
1553	1555
1554	1555
1558	1650
1558	1688
1559	2565
1560	1665
1560	1684
1560	1698
1560	1704
1560	1792
1560	2659
1561	2199
1563	1638
1565	1673
1567	1568
1570	1588
1570	1610
1570	1680
1570	1685
1570	1722
1570	1727
1571	1679
1572	2203
1573	1599
1574	1674
1574	2175
1577	1596
1578	1581
1579	1623
1579	1652
1581	1626
1582	1712
1583	1909
1583	1910
1583	2018
1583	2678
1584	2397
1584	2564
1585	1627
1585	2038
1585	2152
1589	2335
1592	1702
1593	1735
1596	1658
1596	1777
1596	1825
1596	1863
1596	1864
1596	1965
1596	2347
1596	2676
1600	1698
1602	1645
1602	2424
1604	2090
1607	2382
1609	2226
1614	1615
1614	1620
1615	1620
1616	1640
1619	2344
1620	1723
1620	1724
1627	1699
1627	1736
1632	2331
1632	2408
1632	2599
1632	2605
1633	1688
1636	1707
1637	1685
1637	2075
1641	2707
1644	1650
1645	1733
1645	1863
1645	1864
1645	1965
1645	2365
1645	2410
1645	2424
1645	2485
1645	2615
1645	2617
1648	1685
1648	1909
1648	2075
1648	2587
1648	2616
1650	1688
1653	1660
1657	1711
1657	1823
1657	2358
1664	1757
1664	2505
1665	1698
1668	1698
1669	1911
1669	2379
1669	2536
1675	1681
1680	1727
1682	1683
1684	1698
1685	1727
1687	2283
1687	2427
1690	1739
1691	1737
1697	1770
1697	1772
1697	1873
1697	1944
1697	1972
1697	2176
1697	2251
1697	2331
1698	1704
1699	2598
1700	2657
1706	2357
1714	1717
1714	1871
1714	1979
1714	1983
1714	1992
1714	1993
1714	2003
1714	2154
1714	2511
1716	1735
1717	1983
1717	1992
1717	2154
1719	1868
1719	2139
1719	2414
1719	2415
1719	2583
1720	1912
1720	2176
1720	2262
1720	2364
1723	1724
1729	1776
1733	2226
1733	2424
1737	1738
1742	1842
1743	2457
1744	2193
1745	2042
1746	2176
1746	2642
1747	1949
1748	2161
1748	2435
1748	2560
1749	2183
1750	2165
1751	2107
1752	2692
1753	2707
1754	2269
1755	1868
1755	1870
1756	2433
1757	2604
1757	2614
1758	1843
1758	2222
1758	2342
1759	2413
1760	2289
1760	2698
1760	2699
1761	1880
1762	2209
1763	2496
1763	2695
1764	2612
1765	1771
1765	1939
1766	1771
1766	1939
1767	1811
1768	2258
1769	2258
1770	2331
1771	1939
1772	1776
1772	1873
1773	2308
1773	2352
1774	2546
1775	1892
1775	1969
1775	2620
1776	1794
1776	1796
1776	2083
1776	2117
1777	2544
1778	1803
1778	2065
1779	2025
1780	2008
1781	2008
1782	1820
1782	2664
1783	2329
1784	2349
1785	2200
1785	2689
1785	2706
1786	2565
1787	2208
1788	2500
1788	2677
1789	1796
1789	2179
1789	2182
1790	2470
1791	2335
1792	1860
1793	2068
1794	1796
1794	2083
1794	2179
1794	2182
1795	1796
1795	2179
1795	2546
1796	2083
1796	2179
1796	2182
1796	2546
1797	1918
1797	2002
1798	2201
1799	2121
1800	2206
1801	1902
1801	1908
1801	1995
1801	1996
1801	2017
1802	1815
1802	1822
1803	2065
1804	1914
1805	1806
1805	2290
1806	2290
1807	2280
1807	2571
1808	2491
1809	2211
1810	2072
1810	2586
1812	2411
1813	2365
1814	1819
1814	2394
1816	2671
1816	2672
1817	1935
1817	2486
1818	2465
1819	2030
1819	2074
1820	2581
1821	2384
1821	2570
1823	2663
1824	2488
1824	2581
1825	2007
1825	2676
1826	1967
1827	2631
1828	1963
1828	2084
1828	2111
1828	2225
1829	2015
1829	2019
1830	2422
1831	2467
1831	2586
1832	1833
1832	1837
1833	1837
1833	2335
1834	2368
1835	1906
1836	2012
1836	2183
1837	2335
1838	2133
1839	1909
1839	2381
1839	2515
1840	2689
1840	2706
1841	2689
1841	2706
1843	2342
1844	2627
1845	1846
1845	1980
1846	1980
1847	1848
1847	1928
1847	2538
1848	1928
1849	2484
1850	2164
1851	2555
1852	1897
1853	2593
1854	1862
1854	2321
1855	1856
1855	1865
1855	1977
1855	2049
1855	2123
1855	2300
1855	2483
1855	2646
1856	1865
1856	2076
1856	2123
1856	2300
1856	2483
1857	2422
1858	2021
1858	2541
1858	2682
1859	2482
1859	2529
1861	2429
1861	2431
1861	2659
1863	1864
1863	1965
1863	2676
1864	1965
1865	2123
1865	2277
1866	2108
1867	2273
1869	2422
1870	2410
1871	2363
1872	2500
1874	1999
1875	1921
1876	1892
1876	2440
1876	2554
1877	2635
1878	2216
1879	2572
1879	2625
1880	2356
1881	2303
1882	2450
1882	2451
1883	1990
1884	2178
1885	1886
1885	1887
1885	1903
1886	1887
1886	1903
1887	1903
1888	1903
1888	2259
1889	2428
1890	2587
1890	2649
1891	2040
1893	2132
1894	1896
1894	1909
1895	2145
1895	2525
1897	2394
1898	2147
1898	2183
1899	2109
1899	2141
1900	2293
1901	2493
1902	2302
1904	2613
1905	2557
1907	2422
1908	1996
1908	2302
1909	2515
1909	2562
1910	2678
1911	2082
1911	2160
1911	2243
1911	2367
1911	2376
1911	2417
1911	2489
1911	2507
1911	2576
1911	2662
1912	2088
1912	2207
1913	1933
1915	2177
1916	1982
1916	2498
1917	2401
1918	2335
1919	2330
1920	2427
1920	2432
1922	1932
1922	2403
1923	2027
1924	1929
1924	2115
1924	2228
1925	2041
1925	2328
1926	2134
1926	2207
1926	2393
1927	1942
1928	2538
1929	2115
1929	2125
1929	2571
1930	2350
1931	2513
1932	2278
1932	2403
1932	2625
1933	2025
1934	2661
1935	2464
1936	2341
1936	2500
1937	1944
1938	2294
1940	2308
1941	2176
1941	2221
1941	2251
1943	2574
1945	2092
1946	1994
1947	2517
1948	2558
1950	1961
1951	2221
1951	2227
1952	2304
1953	2030
1953	2394
1953	2397
1954	2108
1955	2151
1955	2184
1955	2223
1956	2150
1956	2191
1956	2195
1957	2528
1957	2650
1958	2537
1959	2221
1959	2227
1960	2260
1962	2101
1962	2528
1963	2510
1964	2196
1965	2676
1966	2090
1968	2347
1969	2620
1970	2052
1970	2201
1970	2310
1970	2364
1971	2487
1972	2212
1973	2621
1974	2452
1975	2228
1976	2409
1976	2656
1976	2690
1978	2154
1978	2220
1978	2319
1978	2511
1979	2511
1981	2203
1981	2458
1982	2492
1983	2154
1984	2079
1985	2207
1985	2380
1986	2066
1987	2339
1987	2463
1988	2608
1989	2402
1991	2094
1992	2511
1993	2154
1994	2547
1995	1996
1995	2098
1995	2242
1996	2098
1997	1998
2000	2004
2000	2516
2001	2116
2003	2154
2003	2511
2004	2516
2005	2041
2005	2361
2006	2346
2009	2023
2009	2154
2009	2220
2010	2535
2011	2448
2012	2183
2012	2634
2013	2136
2014	2383
2015	2019
2016	2035
2016	2093
2016	2328
2018	2678
2020	2148
2022	2219
2022	2429
2023	2154
2023	2220
2024	2136
2026	2154
2026	2378
2026	2694
2027	2553
2028	2410
2029	2654
2030	2394
2031	2078
2031	2129
2031	2131
2031	2132
2031	2317
2031	2660
2032	2172
2033	2172
2034	2623
2035	2328
2036	2304
2037	2697
2038	2152
2039	2693
2040	2255
2041	2361
2043	2429
2044	2271
2045	2684
2046	2551
2047	2108
2048	2112
2050	2219
2050	2307
2050	2411
2051	2379
2053	2063
2054	2055
2054	2686
2054	2691
2055	2686
2056	2353
2057	2096
2058	2216
2058	2466
2058	2696
2059	2233
2060	2652
2061	2063
2062	2063
2063	2067
2064	2495
2066	2087
2067	2675
2069	2229
2070	2435
2071	2603
2071	2641
2073	2228
2075	2608
2075	2616
2077	2560
2079	2407
2079	2475
2080	2610
2081	2330
2081	2610
2082	2160
2082	2367
2083	2179
2083	2546
2084	2512
2085	2616
2086	2229
2088	2176
2088	2262
2089	2168
2089	2525
2089	2526
2091	2531
2092	2439
2092	2618
2095	2165
2096	2231
2097	2143
2099	2100
2099	2157
2101	2528
2102	2471
2103	2665
2104	2335
2105	2303
2106	2622
2107	2650
2108	2497
2108	2572
2108	2575
2109	2141
2110	2186
2112	2303
2113	2573
2114	2587
2114	2624
2115	2125
2117	2126
2118	2640
2119	2443
2120	2155
2122	2213
2124	2483
2127	2214
2127	2340
2127	2427
2127	2592
2128	2339
2129	2480
2130	2455
2132	2320
2134	2200
2134	2207
2135	2645
2136	2334
2136	2584
2137	2149
2138	2509
2139	2286
2140	2221
2140	2227
2141	2293
2142	2419
2142	2512
2144	2182
2146	2409
2147	2183
2148	2499
2148	2500
2150	2189
2150	2191
2150	2195
2151	2180
2151	2184
2151	2223
2151	2306
2152	2343
2153	2430
2154	2220
2154	2319
2154	2700
2156	2468
2158	2566
2159	2450
2160	2662
2161	2435
2162	2168
2163	2587
2163	2600
2165	2522
2166	2194
2166	2364
2167	2168
2167	2525
2169	2351
2170	2421
2171	2238
2173	2693
2174	2205
2175	2688
2176	2207
2176	2250
2176	2251
2176	2260
2176	2362
2177	2536
2179	2182
2179	2546
2179	2583
2180	2184
2181	2578
2183	2634
2184	2306
2185	2399
2187	2322
2188	2315
2188	2322
2189	2190
2189	2191
2189	2195
2190	2191
2190	2195
2190	2366
2191	2195
2191	2366
2192	2276
2197	2268
2198	2343
2199	2538
2199	2696
2201	2704
2202	2234
2203	2639
2204	2398
2204	2406
2207	2262
2207	2380
2209	2235
2209	2236
2209	2314
2210	2690
2214	2254
2214	2291
2214	2540
2215	2224
2216	2651
2217	2362
2217	2689
2217	2706
2218	2283
2219	2338
2221	2227
2221	2253
2221	2479
2221	2564
2221	2601
2222	2405
2226	2424
2227	2479
2228	2391
2230	2664
2232	2636
2237	2263
2237	2436
2237	2543
2238	2275
2239	2272
2240	2414
2240	2415
2240	2508
2240	2514
2241	2467
2243	2459
2243	2662
2244	2245
2244	2246
2246	2472
2247	2357
2247	2476
2248	2264
2248	2702
2249	2297
2250	2272
2251	2272
2252	2297
2253	2272
2253	2278
2254	2592
2255	2348
2256	2413
2257	2598
2258	2445
2260	2262
2260	2272
2261	2502
2263	2436
2263	2543
2264	2702
2265	2520
2266	2348
2267	2422
2269	2276
2269	2446
2270	2278
2274	2361
2276	2446
2276	2523
2278	2625
2279	2285
2280	2580
2281	2287
2282	2430
2283	2427
2284	2285
2286	2312
2288	2316
2289	2698
2291	2292
2295	2381
2295	2530
2296	2668
2298	2305
2299	2519
2301	2637
2302	2589
2307	2595
2309	2653
2311	2584
2311	2608
2312	2449
2313	2588
2317	2660
2318	2430
2318	2625
2320	2480
2321	2512
2322	2371
2323	2499
2323	2500
2323	2501
2324	2420
2325	2327
2326	2539
2330	2590
2331	2599
2331	2605
2332	2695
2333	2335
2334	2584
2335	2354
2336	2379
2337	2580
2338	2607
2338	2611
2339	2444
2339	2678
2342	2426
2343	2578
2343	2594
2344	2444
2345	2708
2346	2419
2346	2512
2349	2683
2355	2361
2355	2456
2358	2500
2359	2504
2360	2521
2363	2511
2366	2669
2367	2459
2367	2507
2367	2576
2368	2578
2369	2643
2370	2608
2372	2490
2373	2399
2373	2490
2374	2375
2374	2414
2374	2415
2374	2508
2375	2508
2375	2514
2376	2417
2376	2662
2377	2423
2377	2500
2377	2501
2381	2515
2381	2562
2382	2668
2385	2461
2386	2500
2386	2677
2387	2388
2389	2576
2390	2422
2392	2428
2392	2549
2395	2428
2396	2666
2397	2564
2398	2406
2399	2400
2400	2627
2404	2582
2408	2705
2410	2544
2410	2673
2412	2667
2416	2531
2417	2507
2418	2533
2419	2512
2422	2591
2422	2655
2423	2500
2423	2501
2424	2628
2424	2658
2425	2590
2426	2475
2427	2432
2427	2494
2428	2549
2428	2592
2430	2625
2430	2668
2431	2648
2432	2592
2434	2438
2437	2650
2441	2544
2442	2586
2447	2452
2449	2527
2450	2451
2453	2596
2454	2667
2459	2507
2460	2607
2462	2493
2468	2469
2471	2644
2471	2647
2473	2477
2474	2552
2478	2679
2481	2486
2483	2646
2485	2615
2485	2617
2487	2587
2493	2548
2496	2695
2497	2572
2499	2500
2499	2501
2499	2568
2500	2501
2500	2506
2503	2606
2505	2668
2507	2576
2507	2662
2509	2578
2510	2619
2515	2559
2518	2534
2522	2530
2524	2685
2532	2567
2537	2630
2542	2674
2544	2675
2545	2569
2550	2609
2556	2561
2563	2596
2577	2679
2579	2680
2585	2633
2597	2670
2597	2681
2597	2687
2602	2632
2607	2612
2607	2663
2613	2626
2615	2617
2625	2703
2627	2657
2629	2630
2638	2653
2644	2647
2648	2659
2696	2697
2698	2699
2698	2701
2699	2701
