1	122
1	168
2	122
3	8
3	13
3	59
3	67
3	73
3	76
3	77
3	114
3	145
3	183
4	79
5	96
5	150
6	13
6	79
6	123
6	152
7	77
7	145
8	77
8	183
9	95
10	104
10	105
11	54
11	113
11	127
11	146
11	165
12	75
13	14
13	15
13	22
13	23
13	31
13	35
13	41
13	42
13	43
13	44
13	45
13	46
13	47
13	48
13	49
13	50
13	51
13	52
13	53
13	56
13	57
13	58
13	63
13	64
13	65
13	67
13	69
13	71
13	73
13	76
13	78
13	82
13	83
13	85
13	87
13	88
13	89
13	92
13	93
13	95
13	97
13	100
13	101
13	102
13	105
13	106
13	107
13	108
13	109
13	110
13	111
13	113
13	114
13	115
13	116
13	117
13	118
13	119
13	120
13	122
13	128
13	129
13	130
13	133
13	136
13	137
13	139
13	140
13	143
13	144
13	146
13	149
13	151
13	152
13	153
13	154
13	155
13	156
13	159
13	162
13	164
13	166
13	168
13	169
13	170
13	171
13	172
13	173
13	175
13	176
13	177
13	178
16	17
18	147
19	62
19	66
19	71
19	86
19	179
20	35
21	124
21	179
22	71
24	62
24	66
24	71
24	86
24	95
24	137
24	149
25	84
25	100
25	121
26	62
26	66
26	84
26	86
26	119
26	124
27	95
28	121
29	165
30	64
30	165
31	179
32	63
32	97
32	103
32	104
32	106
32	111
32	148
32	158
32	172
33	54
34	148
36	116
37	100
38	111
38	150
39	103
39	106
39	172
39	188
40	80
40	106
40	141
40	149
40	179
41	68
42	64
43	152
50	136
54	61
54	97
54	156
55	73
55	108
57	60
57	86
59	146
60	63
60	104
60	192
60	193
61	86
62	86
64	156
64	165
64	190
66	86
67	109
67	181
70	180
70	189
72	74
73	100
73	108
73	116
73	186
77	183
78	122
81	140
81	143
84	116
86	95
89	165
89	180
89	188
89	189
89	190
90	186
91	172
93	141
94	192
96	192
96	193
97	192
98	186
99	191
102	141
102	181
108	186
109	181
110	146
111	192
111	193
112	141
113	146
122	194
125	126
127	146
127	190
131	132
133	134
135	136
136	155
136	169
137	138
140	143
142	187
146	163
146	182
147	170
149	192
149	193
150	192
150	193
155	169
156	191
157	183
158	192
158	193
160	162
161	162
165	180
165	189
165	190
167	168
173	192
174	175
180	188
180	189
180	190
182	184
185	186
188	189
192	193
192	195
193	195
