123	131	149	150	157	158	179	180	181	192	215	232	258	263	278	279	285	290	343	344	345	346	347	348	349	350	351	352	353	403	512	576	622	657	669	681	682	683	693	713	782	815	825	840	852	858	872	904	908
1	2	18	19	74	75	86	121	178	216	219	220	221	222	223	224	225	226	227	228	229	249	298	308	309	310	311	312	313	314	315	316	317	318	342	415	416	450	460	469	480	517	518	604	606	630	646	651	676	697	698	732	735	744	765	776	798	799	847	853	873	905	906	917	1003
135	341	483	522	554	555	584	599	767	863
78	79	80	446	484	498	532	540	558	582	812	849
15	54	66	94	96	130	134	168	169	173	177	184	198	199	200	201	202	203	204	207	208	233	257	271	276	277	281	291	292	293	295	400	402	404	414	420	426	427	441	451	458	459	465	485	487	494	516	523	524	527	535	543	544	545	557	563	564	568	569	573	575	577	585	586	601	612	621	624	627	656	665	689	690	695	703	706	707	715	728	733	745	750	790	791	792	802	803	814	818	823	830	836	837	841	844	845	851	875	903	910	911	937	939	941	960	962	966	993	1001
42	52	95	129	197	205	206	594	752	777	821	862	909	918	919	956	971	975
118	128	256	436	454	473	491	492	538	549	611	614	617	620	643	648	660	687	746	783	835	838	940	943	949	961	996	1004
53	61	62	104	105	151	182	183	251	296	297	321	322	369	377	378	379	380	381	382	383	384	385	386	387	388	389	390	391	392	393	394	395	396	397	398	399	629	633	654	720	742	762	773	842	854	869	870	944	948	986
67	91	109	111	112	113	144	259	329	330	357	358	376	476	478	479	515	653	990
11	21	22	23	73	93	260	261	307	326	327	328	401	417	525	536	539	704	724	734	778	826	859	882	886	888	891	895	924	946	963	976
48	49	76	77	114	115	120	152	172	230	246	262	264	319	334	362	368	371	418	424	443	444	445	486	528	548	705	726	754	758	796	848	896	898	920	926	977	982	984
24	25	26	27	28	29	30	31	32	33	34	35	36	37	38	39	40	41	546	589	591	722	723	786	879	916	954	965	998
428	471	981
116	117	124	136	137	166	170	171	252	331	337	338	339	340	437	438	439	440	610	725	817	861	884	901	915	979
8	9	10	12	13	20	44	45	142	162	214	247	248	250	265	266	267	268	294	325	333	359	360	361	363	366	375	407	408	422	431	442	452	453	467	488	489	497	499	500	501	502	503	504	505	506	507	511	526	530	531	556	559	566	567	570	571	574	603	609	650	659	662	667	673	675	700	701	708	721	730	740	755	766	805	806	824	828	831	834	857	894	913	914	923	952	957	958	968	974	997	999
68	69	70	82	92	147	185	188	189	190	191	288	299	300	419	468	474	475	477	481	509	510	537	541	550	551	552	583	596	628	664	668	679	691	711	714	716	747	748	779	780	781	800	801	819	856	874	878	912	953	959	969	970	973	1000
98	99	100	101	102	125	126	186	324	354	355	372	405	581	619	641	663	688	709	710	769	771	843	936	938
16	46	47	140	141	165	217	270	273	274	275	323	335	336	429	430	447	448	449	462	580	593	618	658	661	677	736	761	795	797	820	839	855	930	934
768
159	160	210	211	234	235	236	237	238	239	240	241	242	243	244	245	320	565	600	632	638	640	880	927	928	931	932	964	978
89	90	97	253	303	304	305	370	631	741	751	807	809	925
3	4	5	57	58	59	60	64	138	139	193	194	195	196	282	287	306	409	413	457	521	533	572	587	588	607	623	626	634	635	636	637	649	671	686	692	712	719	756	763	775	804	816	827	833	846	850	864	866	881	883	885	900	902	922	929	983	991	994	995	1002
55	56	127	209	212	286	456	470	482	553	605	647	684	699	729	739	810	867	868	899	950	987	988	989	1005
148	231	280	466	496	513	520	542	590	592	597	598	642	670	674	696	731	743	749	784	787	794	907	921	945	947	980
164	615	718	789	793	822
6	7	65	490	529	645
14	119	302	410	421	625	652	678	811
110	154	356	411	455	560	578	579	737	770
132	133	272	412	738	785	808	865
81	672	680	717	967
463	464	702	877
254	472	508	561	727	760	832	876
175	176	666	813	860	887	889	972	992
871
17	43	88	106	213	425	435	461	562	608	685	764	788
146	155	156	364	423	514	519	534	547	616	935	955	985
50	63	83	84	87	108	122	143	161	167	283	284	367	373	374	495	595	602	694	753	933	951
51	71	72	85	153	163	218	289	365	432	433	434	613	644	655
103	107	174	301	406	639	772	774	829	890	892	893	897
269	332	757
145	187	255	493
759	942
