6897	8608	9546	6551
2817	2103	7524
7372	3041	4223	2207	8088	5423	446	3936	281	6143	9030	1732	5141	7066	6602	550	193	6061	308	6995	7701
1662	4078	9546
1662	4852	6084	193
8394	4621	9518	1325	6857	463	618
583	4765	6670	288	7725	1741	1847	4937	1561	6789	5277	7963	3885	7600	6965	1378	1259	4122	2727	9065
4765	4589	8407	763	7473	6113
6670	3962	8463
288	1816	9889	3342
1384	6633	2645	4113
5934	194	7640	7375	2207	2342	8088	5325	9546	1080	8171	4556	5632	3885	7600	4310	4475	6965	1130	5860	4085	1259	7202	6739	1680	1986	7635	2645	1243	463	4650	9195	1851	9065
1946	3041	3306	6251	8043	5022	1565	5581	5657	6494	7981	6120	2727
1263	8381	9385	982
6396	6638	10385
7725	9460	1640	788	2785	3129	463
3856	474	6410	2235	5188	8544	7353	3204	590	9030	9570	5957	1389	7360	2610	7701
3856	6399	8381	4830	2107	7917	7963	1444	5917	5842	4852	4475	1732	3129	28	1440	8510	7311	5833	5826	1397	2891	6113	739	6812	4650	8521	8686	6995	1455	4272
194	9570	2265	9060
5199	2107	1130	6669
1741	1847	2645
3732	4556	6906	4097
2582	9903	6251	2838	8537
474	7917	1565	841	7387	9466	785
5172	1416	8544	8551	6636	5957	5436	4066	9044	61
894	9704	67	3488	788	7661	5969	10197	2610	6995
9155	4310	982	1130	4752	1692
5928	8581	3687	6840	61
8536	5021	5632	10358	9570	1732	9466
1199	1816	8495
5271	2207	6162
5370	2342	7600	982	1130	8624	1851
2207	5188	5145
6813	8067	3760
6399	8312	2267
6399	4982	8381	2333
889	4650	3687
6162	2825	6113	6633
67	904	7090
7963	7437	9693	2384	2265	463
446	7318	1611
3936	9382	10173	463	5436
1934	2717	7560
5632	1239	7633
281	5269	1692
4186	3047	6965	1013	3180
2785	2283	5860	7524
6960	4550	1014	9071	1455
10385	7319	7360
1130	10040	1013
4752	193	4272
