1	42
1	397
1	398
2	399
3	207
4	147
4	269
4	309
4	400
5	401
6	402
7	291
8	66
8	85
8	296
8	395
8	403
9	227
10	285
10	404
11	316
11	405
12	231
12	406
13	407
14	111
14	262
15	90
15	122
15	147
15	220
15	301
15	364
16	74
16	98
16	174
16	190
16	232
16	408
17	121
17	247
17	409
18	43
20	77
20	410
21	411
22	412
23	311
23	413
24	79
25	233
25	414
26	415
27	416
28	417
29	418
30	419
31	204
31	393
31	420
31	421
32	373
33	150
33	319
33	365
34	94
35	422
36	423
37	424
38	425
39	141
39	167
39	250
40	426
41	427
42	356
42	360
44	173
44	219
44	396
45	137
46	207
47	130
47	428
47	429
47	430
48	407
49	431
50	432
50	433
51	346
52	434
52	435
52	436
52	437
52	438
52	439
53	440
54	207
55	441
57	234
57	442
58	247
59	443
60	243
60	282
60	444
61	445
61	446
62	72
63	207
64	96
64	447
65	346
65	448
67	151
68	315
69	74
69	232
70	79
70	104
70	304
70	323
70	449
71	373
72	358
72	450
73	385
73	451
74	98
74	174
74	190
74	232
74	408
75	262
75	452
75	453
76	198
78	454
79	152
80	262
80	300
80	301
80	373
80	455
81	407
83	147
83	269
83	309
84	149
84	456
84	457
85	90
86	458
87	192
88	459
88	460
89	239
89	262
89	341
89	461
90	293
90	382
91	200
92	345
93	155
93	233
93	259
93	302
93	305
96	262
96	317
96	345
96	447
96	462
96	463
97	412
98	174
98	190
98	232
98	408
99	451
100	361
101	464
102	155
102	383
103	368
105	465
106	139
106	168
106	287
106	466
107	467
108	170
108	230
108	237
108	437
108	468
108	469
108	470
110	216
110	471
111	262
112	407
113	472
113	473
114	207
115	230
116	127
116	474
116	475
117	476
118	240
119	412
120	131
120	477
122	478
123	479
124	249
125	480
126	390
127	481
128	342
129	482
132	449
133	225
134	483
134	484
134	485
134	486
134	487
135	164
135	206
135	207
135	488
136	318
137	314
137	374
138	454
140	207
140	360
140	389
140	489
141	250
142	490
143	387
144	491
144	492
145	493
145	494
146	206
146	352
147	269
147	309
147	327
147	343
147	495
148	373
149	207
149	235
151	496
152	443
153	443
154	197
154	233
155	191
155	305
155	383
156	257
157	497
157	498
158	452
159	346
160	418
161	326
162	464
163	288
165	311
165	413
166	499
167	207
167	233
167	240
168	180
170	434
170	437
170	438
170	439
170	500
171	501
172	341
173	219
173	281
173	396
174	190
174	232
174	408
175	492
175	502
176	208
177	203
177	223
177	294
177	503
178	504
179	207
179	505
179	506
182	507
183	337
183	508
184	204
185	279
186	230
187	354
188	509
188	510
189	234
189	504
189	511
190	232
190	408
191	305
191	383
191	512
193	230
193	253
195	513
196	514
197	233
197	305
198	254
198	365
198	515
198	516
199	517
199	518
199	519
200	520
201	207
202	521
205	522
206	352
207	208
207	233
207	240
207	243
207	244
207	250
207	257
207	297
207	305
207	324
207	341
207	389
207	523
207	524
207	525
208	239
208	360
208	526
210	527
211	528
211	529
212	530
213	304
213	323
213	531
213	532
213	533
214	534
215	511
216	247
217	535
218	278
218	326
218	386
218	536
220	537
222	370
224	538
225	539
226	262
226	462
227	540
228	541
228	542
228	543
228	544
228	545
228	546
230	292
231	406
232	408
233	259
233	414
233	547
234	247
236	356
238	262
238	283
239	341
240	305
240	372
240	383
240	392
240	548
241	261
241	549
243	282
243	341
245	550
246	551
247	279
248	339
249	552
251	553
252	414
255	356
255	360
260	554
261	291
262	283
262	285
262	332
262	341
262	538
262	555
264	556
265	557
266	558
267	342
268	375
269	309
269	327
269	343
269	495
269	559
269	560
270	351
270	561
271	427
272	562
273	563
274	564
275	379
276	565
276	566
277	567
278	326
278	386
278	536
278	568
278	569
278	570
280	298
280	571
282	341
283	309
284	315
285	317
286	305
289	572
289	573
290	574
294	412
295	575
297	490
299	332
300	576
301	441
303	577
304	323
304	340
304	578
304	579
306	580
308	581
308	582
308	583
308	584
309	327
309	343
309	400
309	495
309	559
309	585
310	586
310	587
312	588
313	589
314	374
316	405
317	590
320	591
321	592
322	508
323	563
323	593
323	594
324	420
324	595
325	596
326	386
327	400
328	442
329	446
330	597
332	598
334	342
335	599
336	600
338	342
342	601
344	557
345	356
345	360
345	422
347	602
349	519
350	441
353	392
355	452
356	360
356	363
356	389
356	489
356	535
356	603
356	604
356	605
356	606
359	607
360	363
360	603
362	608
362	609
365	610
365	611
366	384
366	612
367	381
368	613
369	614
369	615
371	616
373	617
373	618
376	377
379	530
381	619
381	620
381	621
384	622
384	623
385	565
386	536
388	608
388	609
