460	465	514	279	1139	2127	2949	858	2583	852	355	2746	313	1492	1767	875	2697	541	1361	169	1102	708	335	2326	1664	63	1143	2387	2076	732	2983	2775	2136	800	2223	2814	1736	2684	2893	2304	833	508	1749	2973	740	1662	2778	786	936	324
514	858	2528	677
514	611	728	858	875	2657	708	2698	2893	1848	1710	1081	677
279	1672	384
611	852	162	1492	1102	1526	1143	740	999
2127	1670	491	1437	2949	858	741	1478	875	169	335	550	972	732	2983	36	800	2304	1848	1421	1070
1670	741	1586	355	853	708	589	2528	377	2814	2649	2559	2304	2973	740	2778
1670	2949	1672	609
1670	491	2778
1670	2611	715
1670	741	2147	2559	1297
981	2431	2398	1749	204
2850	1050	741	751	492
2850	708	2698	2775	2136	740	2261
2611	394	384	740
2611	1403	2223
248	858	852	355	1468	1361	708	335	2387	2304
793	2583	2223
491	2746	541	632	2778	324
1290	239	405
1290	858	852	1586	1468	708	1923	2698	2775	2814	2492	1749	2908	677
2431	335	2223
2431	741	1492	875	2120	63	1321	1070
2197	875	2750	2814	2778
858	2583	335	1526	1736	2950	1421	2778	324
2398	2697	2387	972	609	1110
852	874	1496
852	672	1948
147	853	335	2354	609	377	1224	1297	1651	2908	677
1468	2804	1059
1468	1531	1527	2684	1081
1492	972	2775	1059	348
853	1403	2684
853	1321	999
875	1103	2076	2778
875	335	53	2698	2983	405
875	1526	1531	524	6	1722	617	895
335	984	2750
1526	2528	492
2528	2775	2893	2908
239	63	1275	2304
1103	2679	936
1209	1496	405
550	2304	1297
550	2387	1527	2950
1128	6	1651
6	609	483
1722	607	2893
2264	751	36
