1	349
1	652
1	1046
1	1101
1	1526
2	504
2	889
2	955
3	166
3	428
4	138
5	953
6	213
6	854
6	1094
6	1109
6	1275
6	1341
6	1663
6	1738
6	1743
7	325
8	623
9	828
11	218
11	1629
11	1824
12	13
12	506
13	138
13	396
13	937
13	1000
13	1178
13	1545
13	1606
13	1759
14	1629
14	1796
15	246
15	503
15	517
15	674
15	1094
17	285
17	713
17	754
17	772
17	998
17	1319
17	1464
17	1480
18	674
18	788
18	976
19	256
19	756
19	894
19	1094
20	1123
22	944
22	1028
23	1076
24	674
24	679
24	955
24	1085
25	1094
25	1360
26	1610
27	246
28	1094
28	1275
28	1592
28	1732
29	283
30	276
30	1579
31	1362
32	399
32	439
32	647
32	991
32	1112
32	1336
32	1825
33	103
33	366
33	971
33	993
33	1826
33	1827
33	1828
34	714
34	1201
34	1765
34	1829
35	69
35	1265
36	309
36	401
36	738
36	1830
37	1135
38	1831
39	493
39	984
40	52
40	389
40	682
40	690
40	736
40	780
40	937
40	1041
40	1329
40	1524
40	1775
40	1832
41	99
41	550
42	1087
42	1165
43	47
43	748
43	781
43	988
43	1622
43	1833
44	714
44	1665
45	490
45	714
45	925
45	1109
45	1341
45	1665
46	1261
48	901
49	349
49	434
49	1201
49	1449
50	325
50	901
50	1363
50	1532
50	1834
51	660
52	1599
52	1775
53	1830
54	988
54	1830
55	184
55	460
55	807
56	626
56	716
56	1263
56	1835
56	1836
56	1837
56	1838
57	1839
58	1080
58	1457
58	1656
58	1840
59	809
60	246
60	623
60	955
61	643
61	1321
61	1365
62	714
63	377
63	531
63	594
64	113
65	437
65	701
65	1508
66	1043
67	692
67	1112
68	560
68	1094
69	156
69	677
69	957
69	1012
69	1265
70	638
71	246
71	1094
71	1331
72	674
72	1085
72	1094
73	1230
74	978
75	241
76	507
77	138
77	789
77	827
77	835
77	839
77	1758
77	1841
78	1310
79	593
79	607
79	1624
80	1611
81	1275
82	1310
83	1701
84	177
84	741
84	1121
84	1450
84	1672
84	1842
85	241
85	956
86	184
86	910
86	1094
86	1450
86	1653
87	1843
88	413
88	542
88	674
88	826
88	892
88	1088
88	1195
89	99
89	278
89	1018
89	1089
89	1324
89	1361
89	1449
90	276
90	877
90	1559
90	1751
90	1844
91	1468
92	828
92	1845
92	1846
93	1182
94	363
94	1085
95	569
95	761
96	994
97	325
98	1830
99	166
99	208
99	442
99	942
99	962
99	1063
99	1120
99	1192
99	1260
99	1457
99	1460
99	1468
99	1558
99	1590
99	1614
99	1701
99	1840
99	1847
99	1848
99	1849
99	1850
99	1851
99	1852
100	252
101	531
102	332
102	841
103	246
103	338
103	377
103	910
103	1064
103	1085
103	1094
103	1220
103	1346
103	1821
104	246
104	378
104	550
104	674
104	714
104	854
104	1275
104	1471
104	1636
105	1351
106	517
106	955
107	1336
108	1102
108	1853
109	195
109	725
110	1636
111	862
112	434
112	1854
113	159
113	211
113	212
113	223
113	446
113	757
113	835
113	937
113	981
113	1083
113	1196
113	1214
113	1377
113	1403
113	1523
113	1560
113	1586
113	1830
113	1855
113	1856
113	1857
113	1858
113	1859
113	1860
113	1861
113	1862
113	1863
113	1864
113	1865
113	1866
113	1867
114	1079
115	412
115	1230
115	1342
116	531
116	729
116	1013
116	1868
116	1869
117	298
117	905
117	1252
117	1364
117	1377
117	1625
118	450
118	910
118	1201
118	1323
119	799
120	207
120	955
121	868
121	1015
121	1870
122	1480
123	714
124	349
124	430
124	850
124	854
124	1094
125	166
125	457
125	663
125	667
125	1017
125	1871
125	1872
125	1873
125	1874
126	419
127	335
128	1094
129	399
129	1017
129	1457
129	1580
129	1840
130	285
130	875
130	1457
130	1765
130	1840
131	443
131	623
131	1087
131	1128
131	1875
131	1876
131	1877
132	1705
133	623
133	674
133	1636
134	940
134	1548
135	940
135	1350
136	1629
136	1878
137	1260
137	1879
138	246
138	328
138	367
138	434
138	642
138	656
138	668
138	706
138	720
138	854
138	902
138	918
138	1046
138	1071
138	1079
138	1101
138	1157
138	1291
138	1364
138	1463
138	1788
139	1716
140	439
140	495
140	513
140	612
140	658
140	935
140	1807
140	1880
140	1881
140	1882
141	1883
142	688
142	825
142	1884
142	1885
143	434
143	1087
143	1300
143	1886
144	577
144	1094
145	1887
146	506
146	1230
147	1888
148	549
148	832
148	1018
148	1026
148	1133
148	1457
148	1498
148	1580
148	1584
148	1606
148	1830
148	1840
148	1889
148	1890
148	1891
148	1892
149	193
149	1303
149	1893
150	296
150	351
150	369
150	382
150	534
150	700
150	890
150	975
150	1158
150	1269
150	1675
150	1800
150	1894
150	1895
150	1896
150	1897
150	1898
150	1899
150	1900
150	1901
150	1902
150	1903
150	1904
150	1905
150	1906
150	1907
150	1908
150	1909
150	1910
150	1911
150	1912
150	1913
150	1914
151	419
151	1109
152	339
153	674
154	1915
155	289
157	241
158	1523
159	324
159	437
159	496
159	623
159	774
159	896
159	1025
159	1071
159	1220
159	1324
159	1452
159	1517
159	1605
159	1618
159	1916
160	1370
160	1492
160	1501
161	1324
162	1094
162	1143
163	1830
164	168
164	492
164	877
164	1568
164	1917
164	1918
164	1919
165	198
165	365
165	872
165	1022
165	1087
165	1532
165	1569
165	1920
166	241
166	278
166	357
166	434
166	438
166	619
166	714
166	831
166	910
166	953
166	1079
166	1209
166	1230
166	1265
166	1364
166	1394
166	1448
166	1500
166	1538
166	1649
166	1656
166	1730
166	1736
166	1776
167	955
167	1094
169	463
169	1921
169	1922
169	1923
170	1774
171	614
172	514
172	620
172	895
172	1002
172	1093
172	1159
172	1180
172	1208
172	1644
172	1817
172	1924
172	1925
172	1926
172	1927
172	1928
172	1929
172	1930
172	1931
173	1094
173	1698
174	1097
175	1531
175	1932
176	253
177	387
177	549
177	985
177	1048
177	1142
177	1933
177	1934
177	1935
178	1627
179	1758
180	436
181	252
181	843
181	1112
181	1201
181	1266
181	1589
182	1227
183	295
183	1094
183	1127
184	1060
184	1079
184	1191
184	1764
185	637
186	1629
187	1060
188	1556
188	1830
189	980
190	1669
190	1936
191	1128
191	1875
193	584
193	912
193	1199
193	1237
193	1636
193	1734
193	1758
193	1769
193	1937
193	1938
193	1939
193	1940
193	1941
194	405
194	1942
195	212
195	364
195	708
196	363
196	1362
196	1371
196	1480
196	1620
197	1216
197	1427
198	205
198	252
198	285
198	952
198	1109
198	1185
198	1636
200	299
200	1625
201	767
202	952
203	714
204	434
204	437
204	623
204	674
204	736
204	979
204	1018
204	1102
204	1252
204	1879
204	1943
204	1944
205	259
205	993
205	1002
206	699
206	720
206	1299
206	1643
206	1945
206	1946
207	278
207	318
207	580
207	1821
208	455
208	674
208	679
208	1094
208	1143
208	1206
208	1365
208	1455
208	1513
208	1526
208	1636
209	503
209	746
209	1094
209	1227
209	1238
209	1719
210	434
210	623
210	955
210	1018
210	1534
212	722
212	1094
212	1125
212	1816
214	1310
215	877
215	981
216	1051
217	631
217	824
218	252
218	403
218	773
218	877
218	1589
218	1838
219	1947
220	891
220	1094
220	1345
220	1948
221	998
222	1297
223	952
223	1031
223	1193
223	1259
223	1491
223	1531
223	1534
223	1552
223	1767
224	246
224	623
225	1061
225	1949
226	252
227	732
227	1950
228	955
229	434
229	1252
229	1625
230	246
230	1462
231	378
231	531
231	550
231	623
231	674
231	826
231	880
231	1085
231	1331
231	1416
232	252
232	1407
232	1589
233	1556
234	270
235	517
236	1329
236	1606
236	1951
237	1649
238	1101
238	1259
239	246
239	1450
239	1505
241	299
241	403
241	422
241	473
241	562
241	629
241	839
241	912
241	1350
241	1384
241	1413
241	1450
241	1556
241	1952
241	1953
241	1954
241	1955
241	1956
242	929
242	1391
242	1664
243	1075
243	1629
244	854
244	1094
244	1552
244	1636
245	1598
246	267
246	274
246	344
246	348
246	362
246	371
246	402
246	432
246	477
246	510
246	515
246	551
246	555
246	584
246	613
246	623
246	728
246	746
246	747
246	772
246	839
246	852
246	863
246	865
246	900
246	928
246	938
246	955
246	979
246	991
246	1005
246	1018
246	1033
246	1084
246	1085
246	1100
246	1175
246	1176
246	1181
246	1183
246	1191
246	1239
246	1250
246	1252
246	1253
246	1329
246	1372
246	1374
246	1376
246	1389
246	1400
246	1406
246	1419
246	1425
246	1449
246	1494
246	1545
246	1625
246	1634
246	1636
246	1655
246	1704
246	1761
246	1769
246	1850
246	1944
246	1957
246	1958
246	1959
246	1960
246	1961
246	1962
246	1963
246	1964
246	1965
246	1966
246	1967
246	1968
246	1969
246	1970
246	1971
246	1972
246	1973
246	1974
246	1975
246	1976
246	1977
246	1978
246	1979
246	1980
246	1981
246	1982
246	1983
246	1984
246	1985
246	1986
246	1987
247	781
247	929
247	1566
248	731
248	1260
248	1306
248	1457
248	1840
248	1988
249	623
250	827
251	896
251	1508
251	1775
252	276
252	403
252	408
252	419
252	502
252	517
252	528
252	585
252	590
252	669
252	723
252	773
252	812
252	856
252	877
252	986
252	1090
252	1153
252	1229
252	1232
252	1301
252	1450
252	1469
252	1497
252	1511
252	1539
252	1636
252	1666
252	1681
252	1808
252	1972
252	1989
252	1990
252	1991
253	1211
254	1406
254	1992
255	434
256	1309
257	1362
258	377
258	1085
258	1094
258	1499
258	1690
261	1202
262	369
262	417
262	1279
262	1663
263	1446
263	1457
263	1830
263	1840
263	1993
264	339
264	1227
265	1994
266	718
266	1097
268	1085
269	1468
270	1830
271	280
271	1281
272	339
273	1830
274	338
274	377
274	669
274	1094
275	463
276	955
276	1664
277	412
277	1995
278	736
278	1362
278	1371
278	1452
278	1676
279	555
279	789
279	1996
279	1997
280	674
280	1068
280	1094
280	1342
280	1346
280	1365
280	1732
280	1998
280	1999
281	1830
282	399
282	623
282	647
282	984
282	1018
282	1085
282	1109
282	1279
282	1589
282	1623
282	1649
282	1656
284	846
284	2000
285	353
285	670
285	671
285	877
285	1040
285	1161
285	1349
285	1817
285	1972
285	2001
285	2002
285	2003
285	2004
285	2005
285	2006
285	2007
286	1532
286	2008
287	463
288	652
288	1094
288	1230
288	1361
289	333
289	1105
290	304
290	1248
291	684
292	1045
293	1135
294	517
294	923
294	955
294	1109
294	1112
297	372
297	383
297	936
298	550
298	1094
299	674
299	850
299	866
299	1085
299	1089
299	1697
299	1775
300	2009
300	2010
300	2011
300	2012
301	1609
302	1755
303	1722
304	436
304	832
304	877
304	1002
304	1092
304	1820
304	2013
304	2014
304	2015
304	2016
304	2017
305	1629
306	338
306	1382
306	1580
306	2018
307	343
307	503
307	689
307	893
307	953
307	1143
307	1293
307	1324
307	1471
307	1558
307	1636
307	1653
308	1562
309	349
309	1018
309	1079
310	332
310	628
310	1530
311	1283
311	2019
311	2020
312	712
312	1533
312	1830
313	473
313	672
313	752
313	1130
313	1311
313	2021
313	2022
314	463
314	1058
315	836
315	1224
316	1785
317	521
317	1094
318	1014
318	1199
318	1296
318	1604
318	2023
319	623
319	674
319	1462
320	2024
321	517
322	531
323	1169
324	771
324	923
325	355
325	394
325	412
325	668
325	751
325	1064
325	1245
325	1629
326	669
326	1306
326	1371
326	1592
327	1132
328	774
328	901
328	1186
328	1363
328	1607
328	1935
329	845
329	1155
329	2025
330	1275
331	876
331	1388
331	1879
332	628
332	807
332	1156
332	1934
332	2026
333	2027
334	808
335	934
335	1461
335	1724
335	2028
335	2029
335	2030
335	2031
335	2032
336	623
336	1830
337	2033
338	746
338	955
338	1005
338	1014
338	1250
338	1389
338	1915
338	1962
338	2034
339	627
339	780
339	807
339	980
339	1069
339	1087
339	1102
339	1640
339	1830
339	2035
339	2036
340	867
340	1230
340	1667
341	531
342	646
342	1206
342	1278
342	2037
343	850
343	1332
344	854
344	1094
345	2038
346	2039
347	1079
347	1662
348	550
348	952
349	541
349	616
349	656
349	747
349	750
349	827
349	852
349	912
349	928
349	938
349	982
349	1018
349	1054
349	1133
349	1199
349	1206
349	1281
349	1291
349	1329
349	1411
349	1545
349	1687
349	1688
349	1758
349	1760
349	1786
349	1813
349	1928
349	1937
349	1940
349	1978
349	2040
349	2041
349	2042
349	2043
349	2044
349	2045
349	2046
349	2047
349	2048
349	2049
349	2050
349	2051
349	2052
349	2053
349	2054
349	2055
349	2056
349	2057
349	2058
349	2059
349	2060
349	2061
349	2062
349	2063
349	2064
349	2065
349	2066
349	2067
349	2068
349	2069
349	2070
349	2071
349	2072
349	2073
349	2074
349	2075
349	2076
349	2077
350	978
352	1757
354	1085
354	1656
356	416
356	1131
357	1023
357	1520
357	2078
358	531
359	399
359	517
359	953
360	1275
360	1409
361	1505
362	1369
363	442
363	736
363	756
363	1420
363	1545
363	1620
363	1761
363	1840
363	2079
364	725
364	1350
365	566
365	743
365	1022
365	1296
365	1309
365	1922
368	827
369	417
369	453
369	1279
370	1778
371	531
371	550
371	674
371	955
372	383
372	892
372	1368
372	2080
373	428
373	1268
373	1328
373	2081
374	733
374	753
374	1313
375	1313
376	1303
377	403
377	454
377	623
377	746
377	773
377	979
377	1085
377	1094
377	1121
377	1183
377	1250
377	1376
377	1389
377	1568
377	1761
377	1859
377	1910
377	1962
377	2034
377	2082
377	2083
377	2084
377	2085
377	2086
377	2087
378	856
378	979
378	1023
378	1396
378	1422
378	1598
378	1942
378	2003
378	2004
378	2088
378	2089
378	2090
378	2091
378	2092
378	2093
379	743
379	1363
380	1382
380	1420
380	1520
381	2094
383	1905
384	1336
385	971
385	1429
385	2095
385	2096
385	2097
386	2098
388	828
388	911
388	1390
388	1421
388	1535
388	1556
388	1830
388	2099
388	2100
388	2101
390	1627
391	686
392	1629
393	1071
394	1335
394	1830
395	714
396	1362
396	2102
397	550
397	574
397	2103
398	1580
399	406
399	682
399	932
399	1065
399	1578
399	1705
399	2104
399	2105
399	2106
399	2107
399	2108
399	2109
399	2110
399	2111
399	2112
399	2113
399	2114
400	908
401	826
402	1085
402	1636
403	517
403	986
403	1112
403	1201
403	1232
403	1266
403	1719
403	1775
404	1227
404	1480
406	600
407	644
409	1083
409	1087
410	1251
410	1598
410	1695
411	454
411	509
411	694
412	1532
413	973
413	1532
413	2115
414	674
414	1230
414	1471
414	1552
414	1649
415	463
415	521
415	1275
415	2116
417	1279
417	1663
418	684
419	463
419	877
419	942
419	996
419	1232
419	1336
419	1399
419	1479
419	2117
419	2118
419	2119
419	2120
419	2121
419	2122
419	2123
419	2124
419	2125
419	2126
419	2127
420	1432
421	706
421	998
421	1316
422	706
422	1350
423	925
424	672
424	780
424	1312
424	2021
424	2128
425	434
425	684
425	714
426	507
426	1105
427	622
428	438
428	1230
428	1657
429	1268
430	447
430	858
430	1457
430	1840
430	2129
430	2130
431	1611
432	1705
433	1071
434	455
434	473
434	835
434	874
434	942
434	943
434	1085
434	1137
434	1250
434	1329
434	1385
434	1389
434	1390
434	1524
434	1543
434	1579
434	1618
434	1655
434	1687
434	1752
434	1840
434	1850
434	1873
434	1944
434	2084
434	2122
434	2131
434	2132
434	2133
434	2134
434	2135
434	2136
434	2137
434	2138
434	2139
434	2140
434	2141
434	2142
435	867
436	674
437	714
437	957
437	1830
438	1013
439	485
439	495
439	513
439	612
439	658
439	935
439	1367
439	1489
439	1735
439	1807
439	1830
439	1881
440	757
440	1398
440	1830
441	486
441	640
441	841
441	852
441	995
441	1042
441	1047
441	1412
441	1587
441	1830
441	2143
441	2144
441	2145
441	2146
441	2147
441	2148
441	2149
442	880
444	674
445	458
449	1514
449	2150
449	2151
450	465
450	707
450	1412
450	2152
451	2153
452	887
452	923
453	1042
453	1047
454	478
455	1199
455	1816
455	2154
456	1204
457	1112
458	1197
459	639
459	768
459	936
459	1085
459	1576
459	1607
459	1636
459	2155
460	987
461	463
461	1456
462	674
463	479
463	485
463	650
463	669
463	714
463	752
463	779
463	829
463	941
463	976
463	985
463	986
463	997
463	1029
463	1109
463	1166
463	1203
463	1229
463	1266
463	1356
463	1421
463	1431
463	1631
463	1744
463	1772
464	2156
466	710
467	506
467	1810
467	2157
467	2158
468	1265
469	1295
470	1079
471	714
471	1462
472	772
473	684
473	998
473	1022
473	1077
473	1310
473	1589
473	1627
473	1629
473	1757
473	1775
473	1787
474	1006
475	531
476	1201
477	910
477	1623
478	509
478	521
478	1250
478	1808
478	2159
478	2160
478	2161
478	2162
480	1565
481	1094
482	623
482	1701
482	2163
483	850
484	978
485	1200
485	1629
485	2164
486	1232
487	1336
487	1744
488	1077
489	686
490	1341
490	2165
491	923
491	1188
491	1285
491	1611
491	1636
491	1684
492	1112
493	692
494	2166
494	2167
495	612
495	935
495	1807
495	1882
496	2168
497	1425
497	1699
497	1969
498	881
498	1094
499	714
499	875
499	955
499	1764
499	1765
500	1830
501	1085
503	672
503	781
503	791
503	858
503	867
503	1662
503	1688
503	2169
504	558
504	998
504	1362
505	667
505	1094
506	683
506	1089
506	1167
506	1372
506	1444
506	1552
506	1791
507	586
507	874
507	1011
507	1151
507	1241
507	1337
507	1842
507	2170
508	560
508	1333
509	1308
510	1094
510	1449
511	714
512	1109
512	1185
512	1232
513	612
513	658
513	1807
514	826
514	1094
514	1656
514	2129
514	2171
514	2172
515	679
515	886
515	1064
515	1085
515	1094
515	1690
516	886
516	1085
516	1163
516	1289
516	1420
517	570
517	640
517	944
517	1028
517	1047
517	1112
517	1297
517	1357
517	1699
517	1830
517	1915
517	1948
517	2173
517	2174
518	1094
519	948
520	2175
521	531
521	1085
521	1112
521	1266
521	1685
522	531
523	1457
523	1840
523	2176
524	987
524	2177
525	2178
526	1060
527	623
527	885
527	1109
527	1229
527	1757
528	623
529	743
529	1216
529	1275
529	1363
529	1427
530	566
530	713
530	955
530	1017
531	579
531	597
531	695
531	780
531	816
531	878
531	931
531	962
531	1013
531	1038
531	1083
531	1109
531	1152
531	1156
531	1171
531	1200
531	1250
531	1275
531	1327
531	1348
531	1364
531	1368
531	1418
531	1435
531	1442
531	1459
531	1503
531	1516
531	1529
531	1600
531	1608
531	1617
531	1618
531	1648
531	1780
531	2021
531	2179
531	2180
531	2181
531	2182
531	2183
531	2184
531	2185
531	2186
531	2187
531	2188
531	2189
531	2190
531	2191
531	2192
531	2193
531	2194
531	2195
532	582
533	1275
535	1248
536	1350
537	1094
538	544
538	1039
538	1047
538	1258
538	1830
538	2029
538	2183
538	2196
538	2197
538	2198
538	2199
539	1770
540	1236
540	1680
540	1764
540	1972
540	2200
540	2201
540	2202
540	2203
541	1275
542	572
542	674
542	1094
543	956
543	1094
544	1123
545	998
546	2204
547	1094
548	674
548	929
549	555
549	1134
549	1316
550	555
550	574
550	623
550	674
550	746
550	1020
550	1147
550	1162
550	1207
550	1299
550	1446
550	1494
550	1510
550	1545
550	1579
550	1646
550	1962
550	1970
550	2057
550	2164
550	2205
550	2206
550	2207
550	2208
550	2209
550	2210
550	2211
551	1462
552	1346
552	1757
552	1818
553	2212
554	684
554	1094
554	1471
555	669
555	1094
555	1449
556	674
556	1075
557	1094
558	2213
559	780
559	1830
560	2214
561	2122
562	1201
563	1076
564	2034
565	1878
565	2215
566	757
566	1191
566	1807
567	1135
567	2216
568	755
568	895
568	1100
568	1246
568	1352
568	1636
568	1692
571	2217
572	1175
572	1284
572	1595
572	2218
572	2219
572	2220
572	2221
572	2222
573	2223
575	772
575	1649
576	1259
576	1803
577	603
577	1018
577	1457
577	1840
578	730
578	769
578	983
581	1227
581	1266
581	1807
582	977
583	2224
583	2225
583	2226
584	955
584	1018
584	1093
584	1094
587	736
587	1084
587	1620
588	1362
589	662
590	1324
590	1556
590	1757
591	2227
592	915
592	2228
592	2229
592	2230
594	1440
594	1442
595	640
596	674
597	1143
598	713
598	1275
599	974
600	771
600	1047
600	1414
600	1830
600	2070
600	2231
600	2232
600	2233
600	2234
601	1362
602	2235
603	2033
603	2236
604	1094
605	2237
605	2238
606	978
607	1322
607	1770
608	1463
608	1533
609	1737
610	875
611	1228
612	658
612	935
612	1748
612	1807
612	1830
612	2239
612	2240
612	2241
612	2242
615	919
615	933
616	854
616	955
616	1018
616	1109
617	1799
618	1775
619	1538
620	1532
621	706
622	777
622	1014
623	737
623	739
623	756
623	859
623	867
623	896
623	910
623	955
623	975
623	1054
623	1105
623	1112
623	1162
623	1199
623	1272
623	1288
623	1302
623	1372
623	1400
623	1454
623	1503
623	1525
623	1526
623	1552
623	1554
623	1582
623	1618
623	1664
623	1689
623	1806
623	1909
623	1931
623	1967
623	1985
623	2243
623	2244
623	2245
623	2246
623	2247
623	2248
623	2249
623	2250
623	2251
623	2252
623	2253
623	2254
623	2255
623	2256
623	2257
624	2258
625	1109
625	1112
625	1201
625	1266
626	2205
627	708
627	1165
627	1364
628	1368
629	847
629	1060
629	1702
630	1179
632	1457
632	1737
632	1840
633	1878
634	1563
635	827
636	1448
636	1452
636	1864
636	2259
636	2260
636	2261
636	2262
637	1423
637	1485
637	1636
637	1728
639	996
639	1216
639	1322
639	1427
639	1808
639	2028
639	2263
639	2264
639	2265
640	660
640	1141
640	1412
640	2266
641	714
645	877
645	1085
647	996
647	1562
647	2203
648	955
648	1018
648	1085
648	1094
648	1109
648	1534
649	1199
651	1563
652	760
652	836
652	841
652	900
652	937
652	1102
652	1142
652	1162
652	1545
652	1704
652	1943
652	2110
652	2267
652	2268
652	2269
652	2270
652	2271
652	2272
652	2273
652	2274
652	2275
652	2276
652	2277
652	2278
652	2279
652	2280
652	2281
652	2282
652	2283
653	748
653	1356
653	1457
653	1840
654	1587
655	1280
656	937
656	1178
656	1545
657	875
658	757
658	935
658	1083
658	1807
658	1880
658	1881
658	1882
659	1278
660	823
660	879
660	1361
660	1439
661	1094
661	1589
664	1536
664	1656
664	2284
665	724
666	674
666	1085
666	1094
668	2285
669	723
669	1018
669	1229
669	1636
669	1948
671	1209
672	888
672	1109
672	1185
672	1227
672	1265
672	1580
672	1636
673	987
673	1101
674	736
674	746
674	839
674	848
674	877
674	895
674	900
674	906
674	942
674	996
674	1002
674	1017
674	1052
674	1065
674	1076
674	1085
674	1092
674	1148
674	1192
674	1195
674	1197
674	1206
674	1252
674	1275
674	1294
674	1305
674	1327
674	1329
674	1330
674	1484
674	1529
674	1561
674	1578
674	1599
674	1618
674	1686
674	1717
674	1761
674	1776
674	1813
674	1917
674	1937
674	1948
674	1979
674	2110
674	2286
674	2287
674	2288
674	2289
674	2290
674	2291
674	2292
674	2293
674	2294
674	2295
674	2296
674	2297
674	2298
674	2299
674	2300
674	2301
674	2302
674	2303
675	1730
676	808
677	735
677	1072
677	1094
677	1265
677	2304
678	1577
678	2305
679	781
679	877
679	1085
679	2306
680	788
681	1060
682	776
682	1849
682	2307
682	2308
682	2309
682	2310
683	1412
683	1428
684	821
684	1359
684	1863
685	1094
686	781
686	2311
686	2312
686	2313
687	2314
687	2315
687	2316
689	839
689	928
689	991
689	1076
689	1275
689	1758
689	2190
689	2317
689	2318
690	788
690	1085
690	1094
690	1290
690	1610
691	1284
691	2319
692	1497
692	1543
692	1750
692	2318
693	1756
694	1364
695	1077
695	1409
695	1730
696	1094
697	1500
698	940
698	1532
698	2320
698	2321
698	2322
699	976
699	1275
699	1533
699	1651
699	1787
699	1816
702	1004
702	1524
703	1263
704	1629
705	1319
706	1207
706	1210
706	1313
706	1350
706	1351
706	1503
706	2081
706	2323
707	712
708	1642
708	2033
708	2260
708	2324
708	2325
708	2326
709	1468
711	1353
712	781
712	988
712	1431
712	1709
712	2327
712	2328
713	766
713	912
713	1457
713	1524
713	1840
714	727
714	990
714	1002
714	1109
714	1113
714	1170
714	1233
714	1260
714	1265
714	1275
714	1433
714	1539
714	1623
714	1801
714	2122
714	2168
714	2329
714	2330
714	2331
714	2332
714	2333
714	2334
714	2335
714	2336
714	2337
715	820
715	851
715	1106
715	1334
715	1593
715	1613
715	1688
716	1085
716	1336
716	1589
717	923
717	1731
718	1412
718	2338
719	1097
719	1936
719	2339
719	2340
720	797
721	1143
721	2341
721	2342
722	820
722	835
722	1343
722	1712
723	958
723	986
723	1112
723	1191
723	1232
723	1238
723	1658
724	841
724	1412
725	762
726	845
729	2343
729	2344
730	983
732	1112
732	1649
734	1629
736	741
736	880
736	953
736	1085
736	1471
736	1556
736	1584
736	1592
736	1598
736	1652
736	1775
738	1079
740	989
740	1083
740	1496
740	1522
740	1729
740	2345
741	2346
742	2347
743	1083
743	1760
744	1079
745	923
746	926
746	1094
746	1382
747	854
747	955
748	1775
749	1424
749	2348
750	821
750	1071
751	996
751	1374
751	1830
751	2349
751	2350
752	877
752	1321
753	940
754	1457
754	1840
755	1146
755	2351
755	2352
755	2353
755	2354
755	2355
756	1620
756	2034
756	2356
756	2357
757	880
757	885
757	1087
757	1094
757	1616
757	2358
758	1749
759	1248
760	1201
761	1373
761	2359
761	2360
761	2361
761	2362
763	1705
763	1719
764	1649
765	1179
766	1953
767	1377
768	2363
769	983
769	2364
770	1788
770	2365
771	923
771	1025
771	1671
772	1321
772	1445
772	1993
772	2366
773	1094
773	1191
773	1232
773	1238
773	1450
773	1453
773	1536
773	1594
773	1639
773	1658
773	1719
774	896
775	998
775	1275
776	1094
776	1346
776	1656
776	1821
778	1457
778	1840
780	1017
780	1044
780	1089
780	1091
780	1123
780	1157
780	1275
780	1596
780	1617
780	1625
780	1667
780	1698
781	1342
782	1347
783	954
783	1766
783	1771
783	2367
784	1506
785	886
785	1524
785	1536
786	1014
787	1524
787	2368
787	2369
788	1412
788	1830
789	1120
789	1244
789	1533
789	1639
790	894
790	1413
790	1713
790	2370
792	1457
792	1840
793	1457
793	1563
793	1840
794	1275
794	1436
795	854
795	1018
795	1169
795	1785
796	1085
797	854
797	1536
797	1775
798	813
798	1652
800	1025
801	1816
802	2371
802	2372
803	955
804	1232
806	976
806	997
806	1078
806	1109
806	1431
806	1475
806	1685
806	1757
806	2373
808	2374
810	1265
810	1689
811	1139
811	1636
814	1336
815	2375
817	841
818	1228
820	1308
820	1384
820	1665
821	2376
821	2377
821	2378
822	875
824	996
824	1830
824	2379
824	2380
825	1636
826	1018
826	1100
826	1331
826	1606
826	1978
827	1042
827	1441
827	1589
827	2381
827	2382
827	2383
828	968
828	1552
828	1776
828	1787
830	1527
832	910
832	1191
832	1468
833	1465
834	2384
835	1112
835	1399
835	1705
836	923
837	1430
837	2385
838	1607
839	848
839	854
839	1064
839	1094
839	1165
839	1200
839	1318
839	1457
839	1524
839	1536
839	1840
839	2386
840	1362
840	1723
840	1775
841	955
841	1017
841	1079
841	1091
841	1385
841	1435
841	1481
841	1482
841	1534
841	1592
841	1658
841	1681
841	1685
842	2387
843	930
843	1118
844	1876
844	2388
844	2389
845	1155
845	2390
846	876
846	1109
847	1227
848	1471
849	1118
850	973
850	990
850	1115
850	1160
850	1218
850	1359
850	1553
850	1997
850	2391
850	2392
850	2393
850	2394
850	2395
850	2396
850	2397
852	854
852	995
852	1094
852	1206
853	1749
854	912
854	928
854	937
854	938
854	973
854	1018
854	1054
854	1100
854	1199
854	1275
854	1329
854	1450
854	1545
854	1686
854	1687
854	1760
854	1830
854	1937
854	1978
854	1979
854	1980
854	2041
854	2042
854	2057
854	2076
854	2135
854	2317
854	2398
855	1917
857	2399
860	1830
861	1147
861	1757
862	2400
864	1534
867	903
867	975
867	1758
867	1761
867	1771
867	1909
867	2401
867	2402
868	1292
868	1870
869	1094
869	1127
869	1365
870	978
871	955
873	2403
874	2279
875	972
875	1252
875	1587
875	1645
875	1813
875	1944
875	2404
875	2405
875	2406
875	2407
875	2408
875	2409
876	1396
876	1822
876	1936
876	2410
876	2411
877	958
877	986
877	1109
877	1112
877	1185
877	1201
877	1229
877	1266
877	1303
877	1316
877	1341
877	1364
877	1519
877	1589
877	1591
877	1731
877	1764
878	1223
879	1787
880	993
880	1084
880	1275
880	1281
880	1545
880	1807
880	1840
880	2412
880	2413
880	2414
880	2415
881	1461
881	2416
881	2417
881	2418
882	1112
883	1771
884	1275
885	1948
886	991
886	1032
886	1045
886	1087
886	1147
886	1265
886	1420
886	1840
886	2419
888	1112
889	1085
892	1529
892	1716
892	1876
892	2124
892	2254
892	2381
892	2420
892	2421
892	2422
892	2423
892	2424
892	2425
892	2426
892	2427
892	2428
892	2429
892	2430
892	2431
892	2432
892	2433
892	2434
892	2435
892	2436
892	2437
892	2438
892	2439
892	2440
892	2441
892	2442
892	2443
892	2444
892	2445
892	2446
892	2447
892	2448
892	2449
892	2450
892	2451
892	2452
892	2453
894	1105
894	1317
894	1413
894	1449
894	1482
894	1775
895	1449
895	1589
895	1724
896	1220
897	955
897	1079
898	978
899	1201
900	925
900	955
900	1018
900	1109
900	1449
901	1071
904	1362
904	2454
905	1822
905	2455
905	2456
906	1094
907	1227
908	1775
909	1575
909	1638
910	934
910	937
910	1137
910	1545
910	1859
910	1954
910	2457
910	2458
911	1116
912	955
912	1018
912	1526
912	1661
913	1018
913	1068
913	1364
913	1371
915	1145
916	1353
916	1610
917	1828
918	1768
918	2459
919	2408
920	1320
920	1633
921	1094
922	1047
922	2460
923	1200
923	1282
923	1456
923	1457
923	1555
923	1687
923	1694
923	1802
923	1840
923	2461
923	2462
923	2463
923	2464
923	2465
923	2466
923	2467
923	2468
923	2469
923	2470
924	1679
925	1477
925	2471
925	2472
925	2473
926	1146
926	1250
926	2339
927	947
928	1661
929	1204
929	1295
929	1329
929	1721
929	2474
929	2475
929	2476
929	2477
930	1589
931	1563
932	1044
933	2478
934	1910
934	2479
935	1807
935	1880
935	1881
935	1882
936	1065
936	1779
936	1868
936	2441
936	2470
936	2476
936	2480
936	2481
936	2482
937	946
937	955
937	1094
937	1109
937	1185
937	1232
937	1384
937	1471
937	1556
937	1580
937	1636
937	1673
937	1719
937	2483
938	1094
939	1729
940	1313
942	1018
942	1598
943	1540
943	1556
943	1558
943	1730
944	1060
944	1109
944	1112
944	1201
944	1266
944	1316
945	1689
946	2484
947	1383
948	1771
948	1879
949	1374
949	1601
949	2485
950	1457
950	1840
950	2486
952	1085
952	1097
952	1329
952	1771
952	2487
952	2488
953	990
953	1275
953	1380
953	1642
953	1759
953	1761
953	1987
953	2489
953	2490
953	2491
953	2492
953	2493
953	2494
954	1219
954	1742
955	979
955	996
955	1002
955	1004
955	1067
955	1079
955	1085
955	1094
955	1143
955	1199
955	1327
955	1329
955	1339
955	1352
955	1390
955	1400
955	1478
955	1493
955	1494
955	1529
955	1539
955	1541
955	1607
955	1622
955	1649
955	1657
955	1659
955	1711
955	1760
955	1769
955	1801
955	1813
955	1939
955	1944
955	1952
955	1965
955	1976
955	1979
955	2004
955	2072
955	2076
955	2141
955	2168
955	2295
955	2331
955	2368
955	2495
955	2496
955	2497
955	2498
955	2499
955	2500
955	2501
955	2502
955	2503
955	2504
955	2505
955	2506
955	2507
955	2508
955	2509
955	2510
955	2511
956	980
956	1042
956	1351
956	1379
956	1486
956	1532
956	1588
956	1612
956	1758
956	1830
956	2512
956	2513
956	2514
956	2515
957	1265
957	2516
958	986
958	1469
958	1681
958	1954
958	1972
959	1087
959	1583
959	1819
960	1094
961	1024
962	1135
962	1447
963	1091
963	1685
964	1665
965	1308
966	1457
966	1840
967	1830
969	1312
969	2268
970	2517
972	2211
973	1071
973	1216
973	1427
973	2132
974	1550
976	2518
977	1275
977	1533
978	986
978	1117
978	1572
978	1699
978	1758
978	1804
978	2190
978	2329
978	2519
978	2520
978	2521
978	2522
978	2523
978	2524
978	2525
979	1085
979	1094
979	1607
979	1821
979	1944
979	2526
980	1094
980	1169
980	1187
980	1361
980	1419
980	1487
980	1596
980	1707
980	1816
981	1227
981	1277
981	1365
981	1636
981	1799
982	1046
982	1101
982	1340
983	2364
984	1087
984	1217
984	2527
986	1112
986	1266
986	1450
986	1539
986	1658
986	1666
986	1681
986	1784
987	1779
987	2528
987	2529
987	2530
988	1070
988	1094
989	2531
989	2532
989	2533
991	1094
991	1275
992	1229
993	1094
993	1471
994	1259
996	1018
996	1109
996	1147
996	1361
996	1413
996	1556
996	1589
996	2534
998	1030
998	1053
998	1339
998	1474
998	1676
998	2535
998	2536
998	2537
999	1796
999	2538
999	2539
1001	1003
1002	1018
1002	1109
1002	1364
1002	1636
1002	1775
1003	1204
1004	1109
1005	1094
1005	1275
1005	1453
1006	1225
1006	1476
1006	1684
1006	1830
1006	1917
1006	2540
1006	2541
1006	2542
1007	1191
1007	1730
1008	1287
1009	1767
1010	1676
1014	1732
1015	1726
1016	1201
1016	1585
1017	1094
1017	1275
1017	1281
1017	1499
1017	1550
1017	1657
1017	1828
1017	2543
1017	2544
1017	2545
1017	2546
1018	1047
1018	1074
1018	1094
1018	1101
1018	1103
1018	1106
1018	1199
1018	1329
1018	1408
1018	1471
1018	1513
1018	1529
1018	1607
1018	1655
1018	1821
1018	1913
1018	1937
1018	1940
1018	1982
1018	2004
1018	2120
1018	2291
1018	2320
1018	2371
1018	2536
1018	2547
1018	2548
1018	2549
1018	2550
1018	2551
1018	2552
1018	2553
1018	2554
1018	2555
1018	2556
1018	2557
1018	2558
1018	2559
1018	2560
1018	2561
1018	2562
1018	2563
1018	2564
1018	2565
1018	2566
1018	2567
1018	2568
1018	2569
1018	2570
1018	2571
1018	2572
1018	2573
1018	2574
1018	2575
1018	2576
1018	2577
1018	2578
1018	2579
1018	2580
1019	2581
1020	1830
1020	2045
1021	2582
1022	1404
1022	1920
1023	2583
1024	1915
1026	1765
1027	1118
1027	1769
1027	2584
1028	1060
1028	1089
1028	2585
1029	2586
1031	1362
1031	1452
1031	2587
1034	2588
1035	1782
1036	1384
1036	1723
1036	1915
1040	1085
1041	1466
1042	1191
1042	1230
1042	1234
1042	1352
1043	1627
1044	1064
1044	1128
1044	1875
1044	2589
1045	1652
1045	1840
1045	2380
1046	1748
1046	2070
1046	2590
1047	1050
1047	1227
1047	1507
1047	1589
1047	1623
1047	1765
1050	1292
1050	1830
1050	1887
1050	2591
1050	2592
1053	1273
1054	1452
1054	1654
1055	1803
1056	1085
1057	2593
1059	1135
1059	2455
1059	2594
1060	1112
1060	1178
1060	1362
1060	1700
1060	1749
1060	1915
1060	1953
1060	2108
1060	2595
1060	2596
1060	2597
1060	2598
1063	1094
1063	1662
1065	1126
1065	1300
1066	1079
1068	1294
1069	1089
1069	1303
1070	1622
1070	2599
1071	1199
1071	1226
1071	1324
1071	1363
1071	1604
1071	1624
1071	1697
1071	1830
1071	1952
1071	2050
1071	2600
1071	2601
1071	2602
1071	2603
1071	2604
1072	1362
1072	1962
1072	2605
1073	1612
1074	1191
1075	1771
1076	1109
1076	1639
1077	1393
1077	2606
1077	2607
1077	2608
1079	1146
1079	1375
1079	1797
1079	1985
1079	2099
1079	2152
1079	2275
1079	2430
1079	2609
1079	2610
1081	1615
1081	2611
1082	2612
1083	1443
1083	1756
1084	1094
1084	1536
1084	1730
1084	1816
1085	1094
1085	1100
1085	1106
1085	1191
1085	1208
1085	1233
1085	1250
1085	1252
1085	1284
1085	1294
1085	1355
1085	1389
1085	1529
1085	1595
1085	1599
1085	1622
1085	1625
1085	1636
1085	1648
1085	1659
1085	1677
1085	1760
1085	1813
1085	1850
1085	1915
1085	1948
1085	1959
1085	1967
1085	1979
1085	1985
1085	2291
1085	2300
1085	2388
1085	2489
1085	2613
1085	2614
1085	2615
1085	2616
1085	2617
1085	2618
1085	2619
1085	2620
1086	1506
1087	1094
1087	1165
1087	1227
1087	1315
1087	1361
1087	1593
1087	1620
1087	1652
1087	1729
1087	1747
1087	1765
1088	1303
1089	1223
1089	1275
1089	1735
1089	1944
1089	1948
1089	2036
1089	2621
1091	1329
1091	1352
1091	1457
1091	1840
1091	2622
1091	2623
1093	1457
1093	1840
1093	1917
1094	1097
1094	1100
1094	1106
1094	1144
1094	1189
1094	1206
1094	1212
1094	1226
1094	1231
1094	1252
1094	1255
1094	1264
1094	1270
1094	1274
1094	1275
1094	1307
1094	1321
1094	1325
1094	1326
1094	1331
1094	1371
1094	1389
1094	1398
1094	1411
1094	1435
1094	1439
1094	1485
1094	1493
1094	1524
1094	1545
1094	1622
1094	1625
1094	1636
1094	1647
1094	1655
1094	1659
1094	1692
1094	1704
1094	1739
1094	1752
1094	1760
1094	1761
1094	1769
1094	1775
1094	1792
1094	1804
1094	1813
1094	1839
1094	1850
1094	1937
1094	1944
1094	1948
1094	1957
1094	1959
1094	1966
1094	1968
1094	1978
1094	1980
1094	1982
1094	1984
1094	1985
1094	1986
1094	1987
1094	2024
1094	2072
1094	2166
1094	2220
1094	2291
1094	2317
1094	2325
1094	2367
1094	2409
1094	2535
1094	2548
1094	2566
1094	2582
1094	2602
1094	2607
1094	2624
1094	2625
1094	2626
1094	2627
1094	2628
1094	2629
1094	2630
1094	2631
1094	2632
1094	2633
1094	2634
1094	2635
1094	2636
1094	2637
1094	2638
1094	2639
1094	2640
1094	2641
1094	2642
1094	2643
1094	2644
1094	2645
1094	2646
1094	2647
1095	1821
1096	2648
1098	2649
1099	1495
1100	1191
1100	1607
1100	1636
1100	1821
1101	1199
1101	1545
1101	1688
1101	1748
1101	2070
1101	2650
1101	2651
1102	1190
1102	1265
1102	1617
1102	1776
1103	1118
1103	1426
1104	1653
1104	1658
1105	1623
1105	1967
1105	2084
1105	2652
1105	2653
1105	2654
1105	2655
1105	2656
1105	2657
1106	1365
1106	1827
1106	2658
1106	2659
1107	1134
1108	2645
1109	1112
1109	1201
1109	1240
1109	1327
1109	1400
1109	1457
1109	1541
1109	1626
1109	1659
1109	1676
1109	1760
1109	1768
1109	1840
1109	1884
1109	2459
1109	2473
1109	2508
1109	2660
1109	2661
1109	2662
1109	2663
1109	2664
1109	2665
1110	1548
1111	1457
1111	1840
1112	1201
1112	1240
1112	1298
1112	1490
1112	1503
1112	1535
1112	1539
1112	1568
1112	1768
1112	1797
1112	1901
1112	2459
1112	2554
1112	2666
1112	2667
1112	2668
1112	2669
1112	2670
1112	2671
1112	2672
1112	2673
1114	1611
1118	1340
1119	1775
1121	1589
1122	1355
1122	2674
1122	2675
1122	2676
1123	2677
1124	1341
1124	1499
1125	2678
1126	1147
1126	1163
1126	1420
1127	1374
1127	1775
1127	1962
1128	1775
1129	2679
1131	1830
1131	2680
1134	1200
1135	1267
1136	1369
1137	1594
1137	1607
1137	1821
1138	1191
1138	1656
1140	1886
1140	2681
1143	1918
1146	1815
1147	1420
1147	1620
1149	2682
1150	1551
1154	2683
1157	1322
1157	2684
1160	1556
1160	1775
1162	1191
1162	1820
1164	1533
1165	1374
1165	2320
1165	2685
1166	2000
1167	1187
1168	1314
1169	1830
1169	2686
1170	1649
1170	1767
1172	1457
1172	1840
1173	1462
1174	1332
1176	1814
1177	2687
1178	1463
1178	1649
1178	1795
1182	1874
1183	1636
1184	2688
1184	2689
1185	1532
1185	1626
1185	1760
1185	1854
1186	1600
1186	1764
1187	1457
1187	1840
1187	2343
1187	2690
1187	2691
1190	1790
1191	1201
1191	1355
1191	1389
1191	1422
1191	1509
1191	1570
1191	1915
1191	1954
1191	2313
1191	2692
1191	2693
1191	2694
1191	2695
1191	2696
1193	1362
1193	1371
1193	1769
1193	2697
1194	1730
1198	2698
1199	1248
1199	1533
1199	1642
1199	1661
1200	1227
1200	1308
1201	1266
1201	1308
1201	1465
1201	1539
1201	1681
1201	1701
1201	1728
1201	1768
1201	2459
1201	2699
1201	2700
1201	2701
1201	2702
1201	2703
1201	2704
1201	2705
1202	1948
1204	1354
1204	2706
1204	2707
1205	1965
1205	2708
1206	1392
1206	1526
1206	2709
1207	1552
1208	1364
1208	1468
1208	1604
1209	1710
1209	2602
1209	2710
1210	1350
1213	1730
1216	1467
1216	1558
1216	2711
1217	1596
1219	1393
1219	1771
1219	1948
1219	2048
1219	2166
1219	2367
1219	2712
1219	2713
1219	2714
1219	2715
1221	2233
1222	1830
1223	1449
1224	1767
1227	1483
1227	1570
1227	1830
1227	1844
1227	2148
1227	2279
1227	2716
1227	2717
1228	1401
1228	2718
1229	1636
1229	2097
1229	2719
1229	2720
1229	2721
1229	2722
1230	1329
1230	1697
1230	1775
1230	1811
1230	2723
1232	1329
1234	1412
1235	1361
1235	1471
1238	1450
1238	1681
1238	1850
1242	2724
1242	2725
1243	1534
1246	1352
1246	1727
1247	1633
1248	2570
1248	2726
1249	1798
1250	1382
1252	1697
1254	1275
1256	1571
1256	1578
1256	2727
1256	2728
1257	2729
1258	1764
1259	1275
1259	2730
1260	1550
1262	2731
1265	1570
1265	1668
1265	1684
1265	1758
1265	1935
1265	2732
1266	1450
1266	1658
1266	1681
1266	1768
1266	2733
1266	2734
1267	2594
1268	2735
1271	1408
1275	1294
1275	1322
1275	1331
1275	1437
1275	1448
1275	1450
1275	1536
1275	1563
1275	1589
1275	1636
1275	1681
1275	1696
1275	1741
1275	1757
1275	1764
1275	1793
1275	1811
1275	1978
1275	2171
1275	2268
1275	2317
1275	2320
1275	2421
1275	2640
1275	2736
1275	2737
1275	2738
1275	2739
1275	2740
1275	2741
1275	2742
1275	2743
1275	2744
1275	2745
1275	2746
1276	1830
1277	1670
1278	1322
1279	1374
1279	1663
1279	1830
1279	2747
1279	2748
1281	2447
1281	2749
1286	1404
1289	1420
1292	1794
1292	2750
1293	1759
1295	1314
1295	1580
1296	1412
1297	1723
1297	1915
1303	1666
1303	1706
1303	2032
1303	2036
1303	2702
1303	2751
1303	2752
1304	2753
1307	1449
1308	1338
1308	1849
1308	2120
1308	2754
1308	2755
1309	2756
1309	2757
1309	2758
1310	1625
1310	2384
1310	2759
1311	1621
1311	1641
1313	1316
1313	1350
1314	1338
1314	1365
1314	1728
1314	2760
1314	2761
1314	2762
1316	2341
1316	2763
1317	1413
1317	1713
1319	2764
1320	1614
1320	2765
1321	1356
1321	1363
1321	1589
1321	1649
1321	1788
1322	1526
1322	1596
1323	2766
1323	2767
1324	1636
1324	1775
1324	2768
1324	2769
1325	1629
1328	1471
1329	1410
1329	1471
1329	1526
1329	1636
1329	1661
1329	1732
1331	2770
1331	2771
1332	1751
1332	2772
1336	1935
1336	2543
1336	2773
1336	2774
1336	2775
1339	1591
1339	1658
1340	1735
1340	1782
1340	1917
1340	2024
1340	2070
1340	2776
1340	2777
1340	2778
1341	1775
1341	2696
1341	2779
1342	1623
1343	1783
1344	1830
1346	1374
1346	1625
1346	1850
1346	1948
1346	2625
1346	2780
1346	2781
1347	1623
1350	1351
1350	1433
1350	1444
1350	2610
1350	2782
1350	2783
1351	1610
1351	2784
1353	2785
1354	1455
1354	2786
1355	1730
1356	1876
1356	2787
1358	1787
1359	1416
1360	1529
1361	2788
1361	2789
1362	1438
1362	1531
1362	1604
1362	1775
1363	1607
1363	1657
1363	1683
1364	1564
1364	1606
1364	1823
1364	2790
1364	2791
1364	2792
1365	1451
1365	2044
1365	2607
1365	2793
1365	2794
1366	2246
1366	2795
1368	1809
1368	2609
1368	2796
1368	2797
1368	2798
1369	1540
1369	1779
1369	2799
1370	1457
1371	1508
1371	1517
1371	1671
1371	1690
1371	1767
1371	2800
1372	1420
1374	1416
1374	1593
1374	1620
1374	1729
1374	1765
1374	1767
1374	1776
1376	1537
1376	1607
1377	1654
1381	2801
1382	1389
1382	1915
1382	1962
1384	1757
1384	1830
1384	1917
1384	2004
1384	2802
1385	2803
1385	2804
1385	2805
1386	2806
1387	1598
1391	1664
1395	2771
1397	1610
1403	1412
1403	1526
1405	2807
1406	1623
1409	1545
1409	1830
1410	1606
1410	1951
1412	1443
1412	1816
1413	1713
1413	2140
1413	2808
1413	2809
1415	1539
1415	1810
1416	2582
1417	1532
1418	1808
1420	1524
1420	1840
1421	1470
1421	1922
1421	2783
1422	1594
1422	1719
1426	2018
1427	1467
1427	1558
1427	2711
1430	2810
1434	2811
1438	1473
1438	2812
1440	1442
1440	1563
1440	2813
1441	2814
1442	1563
1442	2222
1444	1830
1449	1470
1449	1545
1449	1606
1449	1811
1449	1944
1449	1978
1449	1980
1449	2220
1449	2381
1449	2815
1449	2816
1449	2817
1449	2818
1449	2819
1449	2820
1449	2821
1449	2822
1449	2823
1449	2824
1449	2825
1450	1580
1450	1658
1450	1719
1450	1775
1450	2826
1450	2827
1450	2828
1451	2829
1452	2032
1452	2601
1452	2830
1453	2831
1457	1468
1457	1471
1457	1515
1457	1534
1457	1558
1457	1559
1457	1630
1457	1670
1457	1684
1457	1705
1457	1730
1457	1738
1457	1756
1457	1787
1458	1753
1459	1563
1462	2141
1462	2775
1462	2832
1463	1782
1464	1830
1468	1703
1468	1830
1468	1840
1468	1858
1468	2833
1471	1494
1471	1524
1471	1691
1471	1840
1471	1978
1471	1979
1471	2044
1471	2202
1471	2299
1471	2834
1471	2835
1471	2836
1471	2837
1471	2838
1471	2839
1471	2840
1472	1729
1474	1556
1478	1760
1478	1854
1481	1840
1481	1876
1481	2097
1481	2402
1481	2798
1481	2841
1481	2842
1481	2843
1481	2844
1481	2845
1488	1684
1489	2846
1491	1674
1492	1917
1495	1656
1496	1598
1497	1719
1501	1840
1502	1757
1503	1672
1503	2847
1504	1729
1505	1580
1505	2578
1505	2848
1505	2849
1509	1652
1512	2850
1515	1545
1515	1840
1517	2091
1518	2851
1519	2388
1521	1775
1523	1730
1524	1620
1524	1756
1526	1535
1526	1545
1526	1686
1526	1758
1526	1917
1526	1936
1526	1980
1526	2069
1526	2120
1526	2852
1528	1808
1529	1563
1530	1926
1530	2853
1530	2854
1531	1775
1532	1556
1532	1592
1532	1720
1532	1803
1533	2855
1534	1776
1534	1840
1534	1944
1534	1953
1534	2032
1536	1701
1536	1811
1536	2838
1536	2856
1539	1599
1539	1665
1539	1730
1540	1573
1540	1871
1542	2857
1544	1765
1545	1661
1545	1667
1545	1755
1546	2850
1547	1763
1548	2858
1549	2265
1552	1581
1552	1985
1556	1759
1556	1987
1556	2367
1556	2859
1556	2860
1556	2861
1557	1580
1557	1746
1558	1760
1558	1840
1558	2380
1558	2862
1558	2863
1558	2864
1559	1840
1563	1623
1563	2021
1563	2865
1564	1651
1565	2866
1565	2867
1566	2868
1567	1783
1568	1610
1573	2869
1580	1758
1580	2870
1580	2871
1587	2872
1589	1693
1589	1733
1589	1744
1589	1972
1589	2246
1589	2558
1589	2808
1589	2873
1589	2874
1590	1762
1591	2008
1591	2875
1592	1635
1592	1830
1593	2018
1594	1681
1594	1758
1594	2053
1594	2484
1594	2490
1594	2876
1594	2877
1596	2878
1598	1704
1598	1994
1598	2119
1599	2879
1599	2880
1599	2881
1602	2157
1603	1775
1604	1713
1604	2882
1605	2883
1607	1761
1610	1678
1610	1876
1610	1882
1610	2313
1610	2477
1610	2597
1610	2785
1610	2884
1610	2885
1610	2886
1610	2887
1611	1830
1612	2888
1619	2889
1620	1840
1620	2890
1620	2891
1620	2892
1623	1830
1623	2788
1623	2893
1625	1684
1625	1812
1627	2894
1627	2895
1627	2896
1627	2897
1627	2898
1628	1629
1629	2515
1629	2899
1629	2900
1629	2901
1629	2902
1629	2903
1629	2904
1629	2905
1629	2906
1629	2907
1629	2908
1629	2909
1629	2910
1629	2911
1629	2912
1629	2913
1629	2914
1629	2915
1630	1840
1631	1811
1632	1689
1636	1659
1636	1760
1636	1859
1636	1954
1636	1965
1636	1979
1636	2119
1636	2220
1636	2384
1636	2414
1636	2837
1636	2838
1636	2916
1636	2917
1636	2918
1636	2919
1636	2920
1636	2921
1637	2166
1639	1837
1639	1948
1639	2922
1639	2923
1639	2924
1642	1761
1643	1807
1649	1751
1649	1830
1649	2808
1649	2919
1650	2172
1651	1944
1651	2064
1652	1774
1652	1830
1652	2858
1652	2925
1653	2926
1654	1687
1654	1759
1656	1822
1656	1948
1656	2455
1656	2600
1656	2831
1656	2927
1656	2928
1656	2929
1656	2930
1656	2931
1658	1684
1658	2386
1658	2408
1658	2932
1660	2933
1661	1687
1661	1786
1661	1937
1663	2934
1664	1676
1664	1759
1664	2808
1664	2935
1665	2329
1665	2333
1665	2936
1667	2937
1667	2938
1670	1840
1674	2939
1676	2800
1681	1719
1682	2940
1684	2018
1684	2476
1684	2941
1684	2942
1685	2943
1687	1730
1698	1948
1699	2944
1703	1729
1704	1775
1705	1840
1705	2483
1708	2190
1714	1771
1715	2632
1716	2945
1716	2946
1718	2078
1719	1850
1719	2947
1719	2948
1722	2949
1725	1771
1729	2233
1729	2710
1729	2730
1729	2950
1729	2951
1730	1830
1730	1840
1730	2122
1730	2313
1730	2952
1730	2953
1730	2954
1730	2955
1730	2956
1730	2957
1731	2157
1731	2786
1732	2958
1738	1840
1738	2959
1740	1811
1742	2625
1745	2070
1747	2295
1749	1795
1749	2960
1750	2961
1751	1803
1754	2962
1755	2465
1755	2963
1756	1840
1757	1915
1757	2878
1757	2964
1757	2965
1757	2966
1758	1768
1758	2967
1758	2968
1764	2969
1765	1830
1765	2970
1765	2971
1767	1830
1767	1917
1767	2380
1773	1788
1775	1875
1775	1952
1775	1978
1775	2220
1775	2292
1775	2972
1775	2973
1776	1830
1776	2018
1776	2320
1776	2696
1776	2974
1776	2975
1776	2976
1776	2977
1776	2978
1776	2979
1776	2980
1776	2981
1780	1794
1781	2982
1782	2983
1787	1840
1787	2021
1787	2984
1788	2226
1788	2292
1788	2985
1788	2986
1789	2987
1794	2966
1799	2988
1799	2989
1803	2990
1805	1877
1805	2474
1805	2694
1805	2991
1807	1880
1807	1881
1807	1882
1807	2122
1807	2992
1808	2993
1814	1854
1816	1978
1818	2994
1821	1915
1821	2995
