3247	3070	1454	1367	5599	1440	6930	4077	392	6874	6109	3745	1087	2336	1540	556	1499	7329	3994	1604	6551	3280	1536	5962	7124	5893	3755	6729	598	3534	7325	557	3731	4529	4331	104	329	6656	6245	2205	4369	2674	6283	626	4071	2421	5047	5123	5955	2755	1539	6648	2949	957	3613	7248	2166	5053	6793	4244	1323	5635	5649	4933	3774	4275	3053	3056	4517	1758
3247	4888	3280	1109	3534	6448	3043	2264	4426	3554	5816	5736	5261
694	1499	5816	5285
694	2401	4004	1290	1699	4008	5637	4077	4218	1697	4113	968	1604	6627	5016	3526	1536	1064	6293	2385	4224	3534	7325	5593	2171	3870	2205	6095	626	221	244	2330	7011	6639	5299	7046	2926	3529	2755	2528	1786	3224	2214	237	2166	5357	2286	4984	6449	4177	2294	5503	6980	5966	814	1457	2103	4221	2164	201	7160	2549	7319	1200
694	4004	6930	219	4077	1467	4537	6234	668	5425	6293	3983	1120	185	4423
2401	6137	161	5893	6644	5397	6865	5982	4962	6888	4913	2755	4426	2741	2397	4790	2818	5592	4275	3053
2256	2967	2217	3994	4537	7325	4962	3197	4806	7042	6502	2454	1852	1236	6293	2665	6488	2914	4863	2164	3774
5003	4888	6137	3070	1440	2931	7289	7252	511	6874	1087	3241	2866	3505	7329	968	4537	6059	1895	3755	3534	3731	2746	626	244	798	1319	4708	7046	6888	341	3472	2893	5955	2535	562	2758	237	2413	6293	2131	2178	2318	6663	5736	4469	1903	4733	1171	6759	1276	1311	5649	2914	3774	3053	6446
5003	562	4016
4004	3534	473
4004	7329	7124	1594	1559	7106	4275
4004	6066	1454	7301	5350	392	6874	7277	3687	3210	1467	3772	6627	4306	5237	6059	1199	3534	505	171	2332	1556	2205	2674	4962	6283	2317	6754	1404	4708	2595	6388	5955	2927	562	4426	4406	1380	520	754	7248	1395	4319	3129	2353	5736	4177	1903	3353	3159	3355	2818	2560	757	2914	4221	4214	1185	5748	2549	7213	3459	4275	7008	6446	880	395
4004	4629	6137	4603	2255	1956	1440	219	2931	511	6874	2336	5313	2967	5792	1941	2382	7111	1109	4783	4224	512	3534	5343	7325	1625	3731	5615	2052	2181	172	4118	5047	4384	2652	1404	6639	7046	5955	4830	2798	4406	1395	4244	4984	6449	7247	5736	4469	1120	2387	4614	2246	2818	5649	5963	2914	4221	1847	2100	4275	7048	349	5074	1200	5121	1822
1206	2382	3534	2308	2166	4177	162	3056
4023	1440	2967	2074	6502	2175	2318
6123	6502	6548	2234	5048
5107	3505	1739
2122	952	1594
4188	3070	2336	820	1331	6911	512	6470	6040	7204	6245	4369	2421	6639	7046	6888	2755	3554	3995	2890	2193	1981	4469	4443	6094	1036
4188	4905	1992	1769
6137	3210	6059	642	6480	5649
6137	1655	6652	2936	5635	4469
1454	446	6122	4953	6874	2336	1540	556	1467	4994	5962	704	2473	3534	4140	1430	5556	5409	5593	3089	4331	433	6245	6095	6234	2208	2324	244	2421	5123	3688	6388	7046	285	5955	593	2755	5953	2350	7047	3305	6648	2916	4894	464	4029	3726	2178	6302	1289	4177	4296	2246	445	814	6963	5649	208	4443	5963	5435	880	1200
1454	5146	6109	2336	1540	6125	2692	4537	4331	7190	4962	626	4806	2023	5955	4426	4273	4162	6293	2318	2272	6929	2795	2022	1276	1919	6963	4527	1847	2557
1454	2052	6648	957
6122	3522	4783	3534	171	221	1410	2318	6094	1662
3965	3505	172	3043	5047	562	4406	957	5816	7247	910	814	1311	4933	4221	1662	3056
5637	1903	7008
5637	6729	4162
2523	2068	5343	172	626	4830	2125	3056
2523	1941	7124	1934	814
5599	5962	4537	4954	3362	441	554	7011	1404	1275	637	4029	473	7213	790	5121
5599	1845	2145	1822
5599	3534	2145	1430	7047	7221	3264	6378	4763
6718	2931	2647	4815	3534	171	5071	2565	3995	1569
1956	853	1234	4863
1440	3551	2491	3755	457	5043	6283	3043	5047	2264	5987	6241	2617	5009	3161
6930	4815	3534	1594	2674	1559	4426	6973	2178	757
219	5409	6560	4962	5071	6449	5963
1084	1404	2294
2254	2336	399	6605	1559	2565	5281
2254	3526	626
4077	1728	960
4077	1087	4994	1536	1810	172	2214	162
4077	2605	1120	3854
2931	4218	2212	4962	2023	2246	4443
4218	4994	4537	2205	4962	2324	221	2318	814	1311
2172	7218	6477
4236	3135	211
4236	171	3947
6790	4113	1952	1109	3688	7046	4658	2528	2350	1920	957	237	1120	4275	2557
6790	2022	6963	2914
7090	2205	754
5442	7190	1576
6874	5789	6826
3745	1467	4366
3745	1889	2546
161	5548	5615	4830	5435
1087	6798	6888
2547	221	2175	778
2336	4655	2557
5313	626	2712	5635	4614	1311
5313	6518	4962	5074
3241	2052	3705	1171	1080
2399	1540	5649
7277	4783	2286	3355	1276
3551	4262	4426	6985
3551	6729	1081	5816
4619	2528	4614	3053
1023	4369	2048
1958	626	2652	123	2795
6203	975	2166
3255	6663	4469
3255	4068	7213
1467	1604	4080	2353	5048
4062	2205	2350	4275
4994	4406	4984
6060	2911	3245
968	7046	3986	6652	237	6857	3161	6214
4815	5955	2166
5016	4962	5955
1845	2473	5081
1845	6040	5635
2767	4193	3986	2528	2353
3280	3264	4275
6398	172	4244	1276	7048
1536	501	109
1536	6729	3731	4529	4331	626	3947	4426	2114	1903	603	201	1036	4275
5962	1236	3554	6862
704	1109	2205	5291	1319	405	1185
501	6663	3031	5592
4306	5418	4443
6911	5068	4224	1844	798	5802
5237	1319	3986	2318
5379	554	1675	4406
6644	7190	957	2387	814
6644	952	2052	6283	1881	4426	7076	3554	3504	4029	5357	3161	2914	4221	5772
4193	3925	4443
6640	4424	1847
4783	1430	2898	5428
1199	6241	2178
5897	3319	6451
3534	7046	6328	3643
2680	3089	957	4469
5593	1283	2749	3735
1617	7047	6475
4369	2454	2343	6451
3025	2193	6552
1964	5071	368
4176	2916	6451
3961	916	4426	3129
798	6922	5294	2164
5071	2166	5966
6502	6888	2608	4244	3319
2926	1395	3038
2454	593	2916
5955	6293	1569	1200
6829	5656	2272	5963
2565	1841	5121
