3441	53	3718	2865	3204	1592	2258	2167	3648	4809	5125	1440	1710	2938	1749	160	178	255	3862	1739	2727	3266	4391	844	5028	3123	3460	3461	128	2987	5037	976	542	3013	4526	5511	1570	3232	2840	169	2057	3420	4875
3441	201	1999	35	4678	4810	160	1741	2177	4024	5513	1719	3675	2844	269	1511	5266	3356	2057
851	4919	4145	2865	4223	2126	2661	26	587	3945	4287	4295	3964	2205	3052	3346	3320	4024	3810	3550	3153	3327	4666	726	573	3367	1442	354	3564
5174	4026	4385	4415	4223	3198	1776	114	3948	3994	2517	1528	3320	844	3550	3145	4104	4666	2844	3441	194	3627	3595	1386	2219	1836
1928	829	2865	1999	2151	1633	74	3819	2938	2021	3948	1741	630	2805	4244	158	4608	1803	1225	4095	5028	76	2213	2595	2844	210	2280	2840	1386	808	2219	1836
4026	1014	28	4183	4170	2994	11
4026	1213	74	2105	4585	2805	5088	998	4463	2932	2528	2237
3239	3493	1213	845	4863	5371	158	4187	3346	4326	1803	1368	1886	1442	2219	753
2854	2258	3517	2335	1544	1667
4060	4676	3963
2865	4697	1403
4833	4183	5055	3546	4315	998	3039	4192	2770	2057
4156	1651	3785	4482
4626	3784	2144	1801	5461	128	4821
897	2844	2219
4678	3958	998
1482	2560	1633	2365	1801	4143	5495	5046	3627	3595	169	3022	973
2560	4244	1638
1440	4945	3784	3635	1570
160	2655	2840
160	3173	2057
378	2251	4391	2981	4717	2461
1741	2805	158
2578	333	4797
2177	445	3	4862
2727	4192	5495
5454	3766	4442	2437
4440	3627	2584
3224	4540	4698
3049	3950	4243
1347	3997	4482
