757	3	10
608	6	2
242	8	9
84	1	8
1000	7	3
2067	3	2
1716	2	1
723	7	8
110	8	9
1150	2	9
1372	5	7
1035	4	1
76	1	3
388	9	5
142	10	2
737	9	9
1872	2	3
1347	2	7
156	3	9
1007	5	5
1660	10	1
3190	1	8
5216	7	1
1587	7	8
101	10	6
1026	7	2
570	10	5
1340	3	7
1295	4	5
74	1	10
75	1	10
1070	8	2
1332	8	2
999	3	7
1004	2	3
1033	7	3
1933	9	1
726	2	9
14609	2	2
313	7	10
71	6	5
95	9	5
580	4	1
432	4	9
2914	2	6
377	9	7
1253	8	7
1267	2	7
76	1	3
1414	4	2
1394	5	5
917	2	9
1304	6	8
1312	3	2
921	9	9
184	10	8
426	9	7
1285	2	7
75	9	6
646	3	9
373	10	1
76	1	2
3242	2	1
1777	3	6
686	6	8
105	9	3
792	8	2
695	8	3
70	9	7
3216	1	1
97	7	10
1022	3	8
77	9	8
773	8	7
577	3	6
100	10	8
2318	2	6
754	10	9
443	9	7
1518	2	7
70	6	10
1390	4	6
2569	2	1
69	6	10
1767	3	8
4235	6	5
463	9	9
369	4	1
1314	8	6
1238	5	7
653	4	8
1452	3	7
262	10	6
6442	5	2
493	3	6
1688	7	3
355	7	1
2039	3	2
1377	6	3
1856	4	7
73	1	7
1599	2	8
1261	6	10
793	7	5
140	8	1
2067	8	2
7597	1	9
1635	6	8
1722	2	7
1585	3	3
748	8	9
1169	2	10
124	4	9
1126	2	9
972	8	7
1235	8	5
1868	3	3
1330	6	5
335	3	6
147	1	10
2130	1	7
57	7	9
160	9	1
1172	5	5
406	10	3
1545	6	5
808	8	5
258	10	9
213	10	5
3025	6	6
582	7	1
1187	8	3
1068	6	2
1943	5	5
74	9	2
327	10	2
362	8	10
600	8	10
3602	6	6
232	10	9
73	1	6
150	5	1
755	6	3
983	4	3
1549	2	7
1123	6	9
1040	3	1
254	8	1
1058	2	5
1190	2	9
3882	6	7
568	10	10
14017	1	3
71	1	6
582	3	10
863	3	3
1141	2	6
315	1	6
734	3	10
104	3	10
1876	7	7
730	8	8
1084	8	1
762	6	8
1182	8	3
1137	4	8
1706	7	3
81	10	7
266	5	2
2144	4	8
500	5	9
1449	7	6
191	6	7
3741	6	5
1183	6	7
532	9	4
1599	2	7
1855	6	8
562	9	10
98	10	5
1411	5	5
966	3	4
1450	8	2
1770	7	7
79	8	10
1682	5	5
438	8	10
3067	2	7
2006	2	9
1698	8	3
1691	6	5
1323	2	8
1037	7	3
1132	4	3
822	6	2
530	4	10
1503	4	8
3074	1	1
257	4	6
859	8	7
697	9	10
1267	7	3
315	9	9
2655	3	3
1068	3	2
601	4	5
1349	3	7
1144	7	6
114	9	5
80	5	10
851	4	5
403	10	10
480	3	1
982	8	1
14075	2	2
412	10	6
1528	3	6
1014	7	1
387	9	3
389	3	6
1810	7	8
530	7	3
713	5	6
2191	7	7
201	4	9
110	10	6
74	1	4
8047	3	6
1807	2	4
1909	4	5
1875	8	8
926	5	3
1626	7	7
1545	5	4
81	5	10
6833	1	10
1524	4	4
140	5	10
94	10	4
524	10	3
880	9	9
75	1	10
90	9	8
668	3	3
703	9	4
1563	5	2
946	7	4
68	10	8
1040	5	2
1298	8	6
1058	8	7
1429	3	7
1406	3	4
4155	2	8
351	10	4
141	5	10
1342	4	4
2633	1	8
88	3	10
354	9	8
1007	4	3
5597	10	9
477	3	5
97	9	2
444	7	4
106	10	5
92	9	1
116	4	9
126	3	10
973	4	1
2003	4	4
1193	4	3
1001	7	2
6731	1	1
1316	2	7
73	1	6
866	9	9
12895	2	2
433	10	1
411	10	2
1311	8	10
686	5	1
27445	1	3
1396	4	7
1374	4	6
198	5	2
77	1	10
278	6	3
3623	2	1
1266	5	8
1013	2	10
3221	8	4
642	7	3
2090	7	4
76	8	9
1458	3	3
77	1	7
269	5	9
1185	4	5
101	1	10
1780	5	10
890	2	8
1111	4	7
779	7	4
74	10	5
498	9	9
2107	8	8
68	6	10
812	3	10
1458	7	7
1046	8	7
300	9	6
1027	5	7
557	6	4
1631	8	8
1027	7	1
90	9	6
66	6	9
1459	6	2
3055	10	10
667	5	2
189	9	3
769	6	7
1252	8	2
115	9	3
337	10	7
541	9	9
251	6	10
1148	7	1
365	10	3
1643	8	2
76	1	4
396	10	8
46	10	2
123	6	9
1003	2	8
434	10	3
419	10	5
402	9	3
68	6	10
275	4	3
1531	2	7
412	10	3
1848	5	5
1198	4	3
564	7	5
1155	8	6
1193	6	8
626	6	10
423	10	1
933	6	1
75	1	10
1424	2	9
634	7	1
1201	3	7
535	5	4
76	1	7
1662	7	4
97	9	7
1195	2	9
324	8	2
1130	2	5
1608	2	3
4576	4	4
615	9	6
1004	4	7
371	10	8
1373	2	4
491	9	2
59	4	10
151	5	10
1418	6	3
78	1	8
1025	6	9
408	8	6
1485	4	8
188	5	9
423	8	7
540	7	5
120	9	7
735	9	1
118	9	5
720	9	10
99	1	10
1172	4	6
1265	6	2
2429	6	4
295	7	9
2930	8	3
1293	2	1
153	10	2
398	9	8
1496	6	8
449	9	6
1461	3	6
1254	2	3
1091	2	8
465	7	5
1419	3	5
1108	6	8
1783	1	10
11823	1	1
2039	2	8
1399	3	8
98	7	10
70	6	10
1148	3	6
947	10	10
729	4	3
877	4	1
552	4	9
414	5	3
78	1	3
258	10	2
1662	5	5
329	10	4
1044	8	2
148	5	10
327	10	4
527	6	2
642	4	5
398	9	7
2004	3	6
189	9	8
1605	6	4
1530	5	4
143	6	10
788	9	10
484	9	4
74	9	3
1079	5	5
100	7	10
328	3	9
669	1	5
79	1	6
1281	3	2
1450	8	4
572	8	10
1167	4	8
4142	9	10
1000	3	2
3548	5	1
102	4	9
921	6	1
1605	8	7
73	1	4
424	6	10
2337	8	8
1380	8	5
2065	5	5
685	8	1
179	7	10
2107	6	4
580	5	10
364	9	8
3067	6	6
554	7	5
80	3	10
52	3	9
2130	7	8
1999	4	5
1555	6	10
429	8	4
724	7	6
780	6	7
1724	4	5
631	7	5
68	6	7
443	7	10
282	7	2
1433	8	4
357	9	9
1627	5	2
147	10	3
1103	2	6
69	1	10
1019	4	3
190	1	3
488	9	8
337	6	4
419	9	2
1206	7	4
2320	10	6
1758	5	5
5992	6	6
1147	8	4
1277	7	3
60	7	9
1450	2	8
156	7	9
1638	3	3
1496	5	8
2055	2	1
125	7	9
1418	3	7
1388	8	2
1350	3	2
767	7	2
190	7	9
835	3	4
917	8	5
1245	2	7
761	3	10
1671	2	1
627	3	2
2978	4	8
1643	5	8
1295	4	1
81	5	10
1707	7	2
666	3	2
3075	6	6
93	7	10
374	4	2
247	8	4
1444	7	2
427	10	3
237	10	7
159	5	10
125	10	5
27063	1	1
3191	7	3
369	9	3
1558	4	10
1197	6	5
1319	6	2
1291	4	3
441	10	2
926	10	10
491	10	7
193	1	3
442	7	10
1324	3	4
1378	8	5
12876	2	2
2026	8	6
681	7	3
378	9	1
484	10	4
1306	6	2
430	3	6
680	8	1
396	10	1
1275	5	3
54	3	9
1993	7	8
1648	7	8
1197	7	3
19519	2	2
769	3	6
130	9	6
1505	8	1
1233	8	6
75	1	9
597	5	10
776	4	2
1675	1	9
1500	9	2
124	7	6
78	1	9
2181	5	8
1343	4	3
922	9	9
2549	8	7
1078	8	4
1216	4	6
146	10	5
1612	7	8
464	9	6
151	10	9
236	10	9
70	1	6
89	10	4
204	5	1
74	3	9
2285	6	6
1189	3	7
247	7	9
335	9	1
1687	7	7
14259	2	2
575	3	6
498	10	7
300	5	3
540	3	10
628	5	10
1760	3	3
1292	3	6
1209	3	8
613	5	4
1871	4	4
145	10	8
600	5	10
72	1	6
78	2	10
554	10	8
74	1	9
363	9	9
999	4	2
66	9	3
1477	3	2
1151	8	6
690	4	6
97	9	8
1621	8	8
1272	6	4
581	7	3
1092	5	7
196	1	8
395	3	10
326	4	10
1559	8	3
70	8	10
393	10	8
69	6	9
1287	3	5
89	10	7
952	5	7
1556	2	7
1022	6	5
916	5	5
189	8	9
188	5	4
86	9	8
573	3	7
2243	8	8
1591	7	8
1149	8	7
2391	9	10
2333	8	8
1705	8	6
984	5	4
2352	8	7
80	1	4
599	8	5
471	5	10
1574	6	3
1264	4	2
703	8	6
1228	8	2
1081	2	10
1147	2	4
72	1	8
1670	4	4
806	3	2
160	3	5
3183	3	3
143	5	9
483	10	3
1753	3	4
468	3	10
1043	4	3
912	4	7
1399	3	5
858	9	9
819	3	2
97	7	9
74	1	3
303	10	8
189	5	8
2026	5	4
2236	10	4
109	5	9
89	10	5
790	3	1
66	6	10
193	5	9
417	10	5
1492	6	3
575	8	7
996	7	5
1882	5	7
3361	2	1
2069	2	5
2314	3	8
583	6	2
27207	1	1
401	10	6
1306	5	8
1497	6	1
2421	1	10
1359	6	3
1367	5	6
131	8	10
1500	8	7
1930	7	8
1597	4	7
2042	2	3
73	1	10
1132	4	1
380	9	9
1565	8	1
1583	4	4
74	1	6
1297	3	8
103	9	3
134	7	10
1198	3	1
959	7	5
1570	2	8
226	5	2
526	9	2
1052	2	7
1121	2	6
76	1	6
1546	5	4
1231	2	7
262	4	1
1477	8	1
127	8	9
1039	8	5
758	6	5
1609	4	2
401	10	5
422	10	1
356	9	1
953	6	8
202	5	6
726	8	6
160	10	6
679	9	6
404	10	6
196	5	3
1276	3	3
336	9	7
609	8	5
1521	3	6
88	9	5
1340	6	1
1800	4	4
1181	2	9
415	9	7
1751	1	2
1358	6	8
1571	8	4
509	9	10
467	6	7
477	4	9
1761	6	5
88	10	2
57	4	9
1637	4	5
2080	8	8
148	5	10
1839	8	8
1164	6	9
902	5	7
1908	6	2
617	3	7
420	6	3
948	4	6
1070	4	6
411	10	7
464	7	10
1865	3	6
928	3	2
1577	7	5
716	5	2
1561	6	3
74	1	10
404	5	8
513	10	7
419	10	6
74	1	7
118	9	8
535	3	6
2333	3	1
2501	7	7
2267	2	4
165	10	6
554	7	10
17145	1	1
78	1	9
1051	2	6
730	5	4
1686	6	2
173	9	10
140	1	4
4488	2	7
1797	8	5
12638	2	2
1093	6	8
74	1	5
1217	8	3
110	4	10
1065	2	4
1114	2	9
210	5	7
445	8	7
407	5	2
374	9	7
1276	10	9
2275	7	3
512	6	10
88	10	1
201	5	8
371	10	6
529	9	5
212	8	3
889	9	9
1147	2	10
514	9	5
1474	5	4
1033	5	9
76	9	5
1939	7	7
804	7	1
1789	7	2
1386	2	7
187	9	1
75	2	6
3200	4	8
729	10	9
57	10	7
96	7	9
881	9	10
219	1	9
9435	1	4
3341	2	9
604	9	8
2599	2	10
72	1	10
357	10	5
2728	5	5
929	8	6
2486	1	6
95	1	7
4235	4	4
478	7	9
352	3	10
280	7	10
155	5	10
85	2	4
1294	2	8
1414	4	1
1358	5	3
1439	5	6
1937	8	8
321	9	8
343	10	1
593	8	6
1346	4	6
1486	8	5
373	9	1
1518	2	6
75	1	2
1008	8	8
2644	6	6
1698	3	5
1016	2	3
103	4	10
862	7	2
1120	2	10
1659	2	3
349	10	7
1637	2	8
286	10	6
137	8	9
1057	7	8
12381	1	6
1097	2	9
1843	8	7
91	10	4
1126	3	7
2021	7	3
2160	3	7
1426	2	8
71	6	9
374	10	4
70	6	3
98	4	10
840	8	3
1259	2	1
293	10	7
1312	2	4
442	9	2
2034	6	4
1929	2	6
469	4	10
409	10	6
1220	8	8
958	4	6
1512	2	5
753	10	10
615	5	7
635	3	4
671	10	9
585	8	5
754	10	9
1327	8	3
219	10	1
2513	2	7
1619	9	10
625	5	2
282	4	8
1402	3	3
913	7	6
74	1	5
329	3	1
76	1	10
958	6	1
391	6	9
401	8	5
418	10	3
1055	3	3
169	10	9
1155	2	7
1114	4	6
173	9	1
541	8	6
1722	4	7
68	4	9
1432	5	4
1880	8	7
13982	2	2
2279	2	4
1060	2	9
381	9	2
1251	8	6
743	6	9
1689	4	4
140	8	10
440	9	4
988	7	1
309	7	9
75	1	3
414	9	8
1506	8	8
1386	4	3
1707	6	9
9490	1	4
444	9	5
791	6	2
1491	7	1
605	4	1
145	10	3
532	3	5
524	5	3
169	5	10
762	4	8
466	9	5
945	8	2
1239	3	6
163	5	1
125	9	5
620	10	5
1884	4	5
1596	2	3
2387	4	2
1109	8	5
116	9	3
505	10	2
1048	2	9
881	2	1
1080	2	10
906	4	8
438	7	10
1619	6	8
76	8	10
2343	7	8
1040	2	10
691	6	1
1633	4	8
96	7	9
138	4	8
907	10	10
909	8	7
74	1	10
81	9	6
415	10	5
13982	2	2
1278	2	9
1320	10	7
794	6	1
315	9	1
1706	4	9
4116	6	6
1513	5	1
4190	1	10
703	8	4
176	5	9
1564	4	4
2485	6	1
470	4	1
129	7	5
1523	5	3
183	10	2
2903	6	3
1185	3	1
2416	2	1
1856	5	1
3115	5	2
98	10	3
12864	2	2
314	3	7
830	4	2
71	6	9
1362	5	4
586	3	6
3853	2	8
1803	6	5
2851	2	10
435	4	4
879	8	3
2061	8	8
222	6	9
324	8	9
73	4	9
197	5	6
2037	2	7
968	2	10
77	3	9
1219	3	2
349	9	9
3060	2	1
1272	4	4
1150	2	7
1314	6	2
845	3	5
1306	8	1
292	9	3
794	8	7
77	1	10
66	10	6
100	3	9
93	10	8
7917	7	1
220	6	4
438	3	2
140	10	5
1316	3	8
1116	4	2
1560	7	8
70	1	2
676	8	6
1120	3	8
71	10	2
928	7	8
47	3	9
375	6	9
1711	7	3
260	8	5
407	10	1
814	6	1
447	10	7
1048	4	5
978	8	5
823	6	3
80	9	1
985	4	3
168	1	7
1021	3	8
121	7	9
83	10	2
709	3	6
164	10	6
72	1	6
94	9	4
1185	8	3
330	10	1
14232	2	2
247	5	9
1717	6	5
105	1	6
1792	4	5
156	8	10
1642	8	8
1384	2	6
1097	3	4
5699	3	6
672	4	5
1398	4	6
68	6	2
778	4	3
1368	3	2
2260	6	8
110	10	3
14826	2	2
1388	3	7
1184	4	1
1674	4	5
94	10	1
610	9	7
75	1	5
1688	7	8
640	6	5
124	10	5
81	5	9
1548	3	6
1214	8	1
75	1	6
2698	9	6
669	4	3
2111	5	5
3143	2	1
69	9	1
1368	2	10
974	6	3
134	4	10
1832	2	3
1078	5	6
3251	2	4
325	10	7
72	1	3
504	7	5
73	6	8
1016	4	1
407	10	7
3043	7	5
14668	2	2
1622	7	5
770	9	10
323	9	5
1064	6	10
2174	4	4
1830	8	2
1296	7	8
2125	2	1
143	9	2
1351	3	7
865	5	8
80	8	5
1823	2	10
96	7	10
744	10	9
1372	4	7
964	7	2
152	5	9
1188	4	7
1112	2	9
737	5	3
88	1	3
2270	2	1
206	8	9
2173	8	8
1640	7	8
1710	8	7
1440	5	7
460	7	2
309	9	4
12326	2	2
2288	6	3
1034	6	4
1029	2	10
665	7	4
12381	2	2
3051	1	3
356	10	8
335	9	2
1446	6	7
403	9	6
743	8	5
13845	2	2
670	3	9
132	8	1
50	3	10
804	7	2
738	10	9
1421	2	1
1218	5	4
623	4	8
545	4	6
259	3	10
464	7	9
336	8	10
855	8	5
74	1	3
217	10	5
1417	2	4
413	9	3
95	10	7
241	10	5
223	10	6
4496	3	4
1082	5	2
1894	4	3
968	3	7
1024	2	10
1749	2	1
5149	1	2
6176	6	8
1539	4	3
1344	3	7
1316	3	8
431	10	1
10167	1	1
1105	3	3
231	8	9
441	4	9
156	5	10
82	10	7
988	3	2
153	9	6
1171	4	2
428	8	9
488	9	3
202	5	10
1521	3	2
1141	1	3
1158	7	5
220	9	4
152	5	10
737	7	6
1273	3	6
8171	1	1
1297	1	8
266	3	10
1719	4	2
143	8	10
373	9	7
1100	7	2
3557	1	1
1233	3	2
892	5	6
223	9	2
1404	3	2
348	9	8
1049	5	7
1404	10	2
1860	7	2
164	10	5
1450	7	2
1053	5	2
10236	1	2
1336	7	5
1163	3	7
1298	8	3
1801	6	5
524	8	3
1582	4	4
565	5	2
1082	3	8
901	10	10
4785	2	4
880	2	1
954	10	10
149	5	9
1039	1	2
86	5	9
1137	2	9
128	9	3
383	10	7
374	7	1
1310	5	1
2215	5	3
833	10	9
150	1	6
582	10	10
138	9	4
5924	2	2
496	7	6
66	9	3
3635	6	6
491	9	7
59	7	10
760	6	4
123	9	1
708	7	6
1457	2	3
1929	2	4
102	4	2
109	3	10
184	5	10
12463	2	2
1496	4	6
1305	5	10
90	10	7
282	10	6
126	9	5
7890	5	1
83	1	4
1080	3	5
320	5	10
465	10	1
4399	6	6
299	10	5
224	1	4
1340	8	3
525	5	7
707	8	8
168	10	8
416	9	3
835	5	7
777	5	4
604	6	10
334	4	10
576	6	4
67	1	4
70	10	8
933	5	6
347	8	10
1542	7	8
399	10	8
1242	4	8
2677	2	4
75	2	5
276	9	6
2434	8	8
84	1	4
153	5	10
1156	2	9
1634	5	4
1409	5	5
543	4	10
1537	7	9
1513	6	1
99	10	2
13789	1	1
290	10	9
396	9	7
1878	8	8
3501	1	1
898	7	9
1028	5	1
75	1	4
72	1	5
2864	2	4
1109	2	10
1489	4	5
224	10	2
391	3	9
978	8	3
1923	7	8
615	4	9
3151	1	1
3018	6	6
67	6	10
70	6	9
490	10	9
75	1	10
901	4	3
181	8	9
789	8	7
68	6	10
1338	5	5
1033	5	1
409	10	8
1511	8	7
1531	2	8
72	1	3
428	10	4
658	8	9
1013	8	5
88	9	1
1818	5	4
1596	5	4
850	9	9
1273	7	3
76	10	4
434	7	9
1818	2	3
1648	5	3
1553	7	8
2487	7	4
77	10	5
73	1	2
551	4	9
1382	3	6
1863	7	7
245	10	2
106	4	9
1427	4	3
1115	10	9
104	7	10
1600	5	4
438	10	8
351	5	9
359	5	10
388	10	8
83	5	10
2248	2	7
683	10	10
556	3	1
1348	6	8
1881	3	8
1122	8	7
1534	2	7
168	5	10
120	3	9
1428	2	7
1798	5	6
1174	4	6
968	7	5
623	4	2
116	4	10
576	5	4
1367	5	8
926	8	7
1816	5	3
1287	6	1
1280	8	2
286	9	5
83	3	10
200	5	9
398	7	9
1457	7	5
552	9	5
341	9	5
119	7	9
1544	4	6
70	4	1
3179	2	3
1268	2	3
1117	3	4
356	9	8
1746	3	6
3697	5	7
1657	8	4
1985	8	7
834	10	9
1334	5	4
562	7	2
1000	3	7
836	8	4
1666	4	3
1441	2	9
706	5	5
100	4	1
1147	2	5
2125	2	1
986	6	3
1194	4	4
67	6	7
179	8	5
855	4	6
67	6	10
1559	8	3
313	5	9
724	6	2
1699	7	6
74	1	2
1178	8	1
1412	7	4
1015	7	2
603	9	8
47	9	5
731	7	8
1146	7	6
74	1	6
1470	1	7
417	9	3
8856	3	6
1082	3	1
332	4	6
102	10	4
69	10	3
615	7	3
659	5	8
575	9	10
531	10	7
60	7	9
72	1	3
77	1	7
143	8	10
1098	4	6
153	9	5
1312	4	2
491	10	8
138	3	5
1264	2	7
445	7	10
513	10	1
1435	3	2
72	6	9
1434	3	8
872	8	4
2220	6	8
329	8	10
1686	7	6
1261	6	7
1518	2	3
1076	7	3
1937	7	6
467	5	7
1272	7	1
1423	5	3
12057	2	2
565	7	10
1123	3	8
1133	6	5
815	3	5
1202	5	1
1341	3	6
102	10	3
279	7	9
1500	4	7
1167	2	3
1109	7	4
14021	2	2
1441	7	1
141	3	9
840	6	7
1959	7	8
497	5	9
381	4	10
4288	6	2
469	7	3
75	1	9
960	7	2
1254	2	7
1506	7	1
392	9	8
1267	4	3
72	1	3
71	6	9
770	5	3
8988	1	3
1890	4	7
1539	5	4
1424	4	5
498	5	3
932	5	9
254	4	10
1157	6	4
599	3	1
1764	6	8
1284	5	4
1431	6	2
357	9	9
21924	1	2
1212	8	2
363	10	1
51	10	3
387	9	9
1453	5	8
722	6	8
1886	6	7
847	6	5
1250	3	5
162	4	9
904	7	3
103	9	5
70	6	9
109	10	1
93	10	1
47	10	3
1161	4	7
511	10	9
3860	6	6
831	3	3
588	9	10
635	6	9
1917	3	1
1222	5	3
1944	2	5
1528	3	7
646	8	3
1623	8	4
1257	3	2
677	7	6
165	10	4
348	9	3
441	3	7
155	10	8
618	9	6
162	3	8
22232	1	1
1076	6	4
155	5	9
2441	8	8
1123	8	4
1433	10	10
1210	7	6
717	5	7
1515	4	5
1193	10	4
1446	6	5
334	4	10
408	1	7
795	7	3
4681	6	6
1602	4	5
1334	8	2
99	1	4
305	10	7
1777	7	8
4652	6	6
643	3	1
1110	5	7
1170	4	9
910	7	4
460	10	8
480	6	10
698	1	9
1445	2	1
242	6	3
296	7	10
925	6	10
1605	8	7
1541	5	3
1428	3	3
208	3	9
12852	1	2
2189	9	1
103	10	8
339	9	9
951	9	9
1924	8	1
753	7	2
74	2	10
312	10	9
1070	2	7
2050	7	6
442	9	7
3856	6	6
1536	4	9
1548	3	1
1194	7	6
344	10	4
1586	3	6
843	3	7
1370	4	7
67	6	9
485	9	5
99	7	10
455	10	4
3625	6	6
97	7	10
207	6	8
91	7	10
1326	6	1
1448	2	9
133	9	8
2240	4	7
218	7	3
1342	6	2
425	9	9
874	8	4
1468	2	6
1691	8	2
1118	4	1
1088	2	10
232	8	2
1522	5	8
768	7	1
960	5	7
1295	4	8
270	6	9
221	4	7
840	10	10
88	9	1
1524	7	1
71	6	10
736	6	2
212	5	9
1512	4	7
272	9	10
950	8	7
1911	3	3
1472	8	1
3785	6	6
1347	6	5
1434	2	7
133	10	5
1855	7	8
2558	2	5
1557	8	6
1856	4	5
1455	4	7
647	8	3
944	5	9
606	3	4
1167	8	3
623	3	1
405	10	3
141	8	10
1598	3	4
2124	6	7
484	3	4
1071	8	4
71	1	9
993	6	1
812	7	8
21312	1	10
2139	3	6
1278	7	3
1547	2	3
1565	8	7
637	5	3
446	10	10
106	4	9
401	9	9
1273	4	4
139	9	1
1493	8	3
1165	4	2
824	3	7
382	9	2
1408	7	5
1376	5	8
987	9	9
1120	2	3
759	4	3
1172	4	2
1722	6	5
1311	3	7
945	7	5
915	7	4
243	5	10
1769	6	2
69	10	4
1050	2	8
1370	3	1
220	6	10
1891	4	7
1085	2	5
1323	6	5
70	6	9
74	1	7
1789	7	8
1803	8	8
1396	1	4
800	2	1
13837	2	2
1234	4	10
838	3	7
91	9	5
82	1	10
1067	4	8
60	4	10
1386	5	2
759	4	3
373	8	5
122	5	8
1645	5	8
532	7	5
80	10	6
145	5	6
490	7	1
1912	4	5
555	3	6
75	1	3
1806	2	8
13192	2	2
623	5	8
95	10	8
1158	8	5
90	10	8
1025	4	8
248	8	1
75	1	10
78	2	4
232	3	5
70	6	9
266	5	10
293	9	4
563	5	10
397	3	6
147	9	10
284	4	9
190	3	10
421	9	7
249	9	10
2158	6	4
2590	8	6
355	9	8
238	10	9
1045	5	8
943	7	4
1622	8	4
1128	2	4
129	9	3
777	8	4
1130	2	10
1398	7	5
1396	4	2
66	1	9
1221	3	4
1000	5	2
310	10	2
106	9	8
4566	4	8
75	3	9
291	9	7
190	5	10
861	8	5
64	1	6
1263	6	5
81	1	4
1463	6	8
159	9	8
698	1	5
1392	3	1
314	9	2
97	10	1
189	8	10
101	7	1
406	5	7
324	3	10
1611	8	7
148	5	10
66	10	3
1972	5	2
693	6	1
1493	6	8
1044	2	6
1445	5	4
1229	2	4
1508	8	6
648	10	10
988	6	2
2448	4	6
1455	2	7
1370	8	3
207	4	10
131	7	5
339	3	9
691	4	5
1596	2	8
64	9	1
73	1	5
1086	8	1
71	9	5
384	7	7
2134	8	8
166	8	10
235	4	8
2930	2	5
1019	2	7
1396	7	4
1320	3	9
71	1	4
346	10	10
306	9	5
117	10	1
441	9	8
189	5	3
1057	3	6
746	6	2
1901	7	8
905	5	4
112	4	10
1428	8	4
397	10	1
1412	5	4
480	9	9
1519	2	8
1207	7	2
1992	7	3
2635	5	4
984	5	5
1912	8	7
286	5	9
538	9	1
419	7	4
11447	1	2
446	9	3
14505	2	2
4902	9	5
822	6	2
67	6	2
68	6	4
634	10	10
1660	5	5
1033	7	3
70	6	10
3066	4	4
1120	4	8
87	9	3
434	6	10
3518	8	4
952	8	1
1378	3	5
495	6	1
140	8	10
1571	6	4
1183	2	9
76	6	9
1740	8	8
706	5	10
1365	5	7
343	10	1
426	10	4
382	10	2
1154	3	8
74	1	6
367	9	7
1249	8	5
1383	8	5
1423	8	7
1134	3	5
361	9	1
1025	5	7
1295	6	2
93	9	7
839	7	3
2009	7	3
523	5	2
92	6	4
509	4	3
69	1	7
891	6	3
1830	2	10
366	5	9
1340	3	7
248	4	6
1354	8	8
1213	4	8
654	4	9
75	2	1
1366	4	2
86	9	1
419	10	8
1061	9	9
101	7	9
1595	3	1
322	1	8
1037	2	8
77	1	6
1069	2	6
3632	6	6
1181	8	4
74	6	9
8401	7	8
414	9	4
118	9	10
78	1	3
902	8	4
2028	2	8
1683	6	4
1133	7	4
1255	8	1
1328	4	4
434	5	9
686	8	4
1617	2	3
123	9	4
1854	5	2
1023	8	1
93	5	9
995	2	8
115	9	7
1308	8	4
1502	5	2
3317	6	6
506	10	5
772	9	10
1172	6	5
65	9	7
11506	2	2
984	10	10
3509	6	6
723	9	7
327	9	5
1776	8	8
95	1	8
1259	7	2
412	3	10
966	5	2
1994	2	1
1234	5	3
1020	5	8
2091	7	7
1177	7	4
131	10	2
857	4	5
963	7	3
84	9	4
1351	3	2
169	8	9
584	8	1
2550	1	3
1019	8	4
825	6	1
2694	5	2
392	9	2
118	9	4
788	3	8
2104	6	5
1878	10	10
1871	4	6
392	9	2
728	8	2
718	10	4
19952	1	2
4430	8	1
3578	1	1
459	10	7
5007	9	3
8157	8	4
4676	4	4
829	5	5
73	1	10
226	1	5
1235	9	7
78	1	2
1392	8	4
74	10	5
1333	3	8
1154	8	2
75	1	4
257	9	2
1365	3	5
937	7	2
274	4	7
1297	2	4
364	9	3
13959	2	2
107	10	8
853	6	9
1446	4	8
448	9	3
1298	3	4
284	10	5
853	3	9
1069	5	4
2356	7	8
773	9	10
1046	4	4
310	5	10
1476	5	6
5145	7	7
96	10	7
977	8	7
1155	3	7
1667	5	6
661	9	5
2120	4	10
4899	1	1
1249	4	8
1176	2	7
1528	6	7
1233	8	2
100	9	3
50	9	2
3857	1	2
1436	2	5
331	4	2
72	6	9
290	7	10
1232	2	3
13230	2	2
103	9	2
1204	3	7
4949	9	10
603	3	7
867	5	4
352	3	10
962	8	6
1155	5	7
315	10	7
809	3	5
110	9	4
1637	6	8
1010	5	5
1026	8	3
87	5	10
1301	3	4
1491	2	3
1131	2	9
71	1	5
1951	8	8
64	9	6
455	10	2
750	7	2
1293	6	2
1410	7	8
1879	5	4
930	6	2
1450	6	1
1020	3	3
76	1	6
70	3	9
326	6	10
5684	3	7
1192	8	7
1321	3	2
4976	1	1
76	1	4
2335	5	4
725	6	3
763	8	4
1564	5	2
2744	2	1
2127	7	8
750	4	9
3757	6	6
306	3	9
149	3	10
1118	8	4
12638	2	2
98	7	9
1539	8	7
1358	4	8
483	7	5
56	7	9
772	6	8
1038	2	10
3809	6	6
315	6	10
1259	6	3
1477	2	8
2163	2	3
1302	2	5
1694	8	3
1444	4	3
71	6	9
4079	6	6
661	4	6
3750	8	9
586	8	5
903	10	10
683	3	7
2385	2	1
173	7	10
1477	2	3
1099	2	7
98	9	4
749	4	7
159	5	9
1084	7	8
101	4	1
72	1	7
1683	5	5
222	6	10
2066	5	5
2312	4	5
76	1	5
1143	2	5
73	6	10
85	3	7
284	9	2
306	9	6
451	1	5
330	10	3
80	1	2
147	5	9
1076	8	2
332	3	9
908	6	5
1232	4	1
1017	8	5
223	3	10
1477	2	9
4468	1	1
1734	2	6
1003	7	2
179	1	2
13203	2	2
855	4	9
1498	7	5
581	5	10
131	9	6
533	3	8
528	6	1
3275	4	7
1572	3	8
1948	4	4
583	5	7
614	10	3
266	1	4
1224	6	3
1285	7	2
816	4	10
75	1	8
1684	2	6
1273	8	4
737	3	6
228	8	10
412	7	4
968	4	7
4842	6	3
2556	6	10
745	3	4
11102	5	8
323	5	3
1163	2	3
1280	8	1
797	9	10
1450	6	8
406	10	8
250	10	9
580	7	9
1345	8	2
1081	3	4
1323	6	2
1094	4	7
222	6	9
8741	1	6
1637	5	5
832	8	2
1056	8	3
336	10	6
1251	8	2
952	6	7
3284	1	4
2973	2	1
81	3	10
1432	6	8
583	7	3
1497	6	2
72	6	9
118	4	10
153	5	10
92	9	2
899	10	10
1358	3	1
75	1	10
1092	3	2
732	8	5
1861	4	4
416	9	5
759	3	8
1381	8	3
321	9	9
426	3	10
1445	2	10
275	1	3
995	4	5
1694	2	8
71	6	7
973	10	10
185	8	9
1560	2	4
2901	2	1
1528	9	2
1402	2	6
907	6	3
81	2	6
1124	2	10
1150	2	3
875	3	8
1283	2	7
71	1	6
1188	6	5
988	5	6
1002	7	6
1434	5	7
1047	5	7
946	5	7
1186	6	4
2335	7	7
30831	1	1
222	5	10
1799	8	7
95	1	7
514	10	6
359	10	7
349	9	5
134	10	6
922	5	3
1851	8	7
1493	2	9
375	7	9
1473	2	7
1362	3	8
1074	6	1
87	9	5
807	7	3
56	7	10
1800	5	4
648	5	6
1281	4	8
1208	3	8
392	7	2
1396	5	8
837	5	2
1331	4	6
773	8	10
996	2	7
1970	2	1
1328	6	7
1025	4	3
68	4	9
511	10	1
1237	8	3
122	9	8
1482	3	1
1011	6	2
1388	1	10
1714	6	1
1661	3	6
103	7	3
1558	5	7
871	3	8
434	9	9
1262	7	8
1280	3	2
137	4	10
1990	3	3
1740	6	1
2531	9	3
1297	4	6
1676	1	10
1070	8	5
17086	1	1
385	5	9
1828	8	7
1434	5	4
948	5	1
79	9	1
1591	2	3
102	7	9
1178	6	8
1128	2	6
19637	1	4
367	3	10
920	4	5
67	4	9
1474	8	5
334	9	1
3920	2	1
1169	2	9
431	10	1
1179	5	3
125	9	10
73	10	6
1405	4	8
1579	2	8
14221	2	2
989	3	8
2374	3	4
78	1	10
907	9	9
113	7	9
359	6	10
591	8	3
100	9	4
1275	8	8
522	7	7
1195	3	5
69	6	9
1231	7	1
457	9	7
1206	3	2
2996	8	8
176	1	9
973	7	2
2239	4	1
847	6	8
928	5	1
555	9	5
48	9	1
137	1	6
2176	7	6
1267	8	7
759	6	5
3800	6	6
1201	3	5
1388	7	6
1043	8	7
349	5	9
373	9	3
3158	1	6
221	1	10
1500	5	7
3539	1	6
90	1	10
580	1	8
1011	3	4
1169	4	8
485	6	3
418	10	3
56	3	10
1801	8	8
1616	2	8
1408	6	5
914	5	5
954	9	9
2176	2	2
1722	5	1
1024	4	7
1332	5	2
494	9	8
113	1	6
768	7	2
288	9	8
1537	7	8
1667	8	2
556	3	10
413	5	3
1581	7	7
124	9	2
1866	4	2
1269	7	7
1990	3	5
826	8	7
73	1	6
294	10	8
887	3	7
59	7	4
2080	2	1
266	8	5
80	2	6
1811	2	6
427	7	10
1372	7	3
1144	6	7
524	4	3
145	8	10
96	10	1
2744	6	6
1005	3	4
76	1	2
2180	4	3
1418	6	5
1070	7	3
747	9	9
11558	1	6
2347	1	5
3051	6	6
724	10	9
423	10	3
1084	4	2
7709	1	1
1575	3	5
76	1	6
1375	3	5
306	7	10
940	10	10
102	9	2
1199	3	8
825	4	2
1239	7	3
934	2	9
15473	1	1
1822	3	1
390	8	1
1186	5	8
855	9	10
894	7	8
311	5	9
70	10	5
1809	8	6
495	6	4
9503	7	7
517	10	7
833	4	1
286	9	4
135	8	9
877	9	9
1312	4	1
13307	1	4
1449	2	4
88	9	5
4906	5	8
111	9	7
318	10	1
90	9	3
2077	7	8
1273	7	4
3008	6	6
907	8	2
1771	7	8
2143	8	7
1338	4	6
327	9	2
330	10	2
234	8	9
1825	8	7
1207	2	8
1181	6	1
749	3	5
3089	10	10
1304	7	4
1346	3	7
106	9	6
656	7	3
635	9	10
96	7	10
920	4	3
1250	7	7
1137	4	10
366	10	5
2241	10	5
84	5	9
223	7	10
353	3	9
1985	8	8
261	9	8
2058	4	5
2566	2	8
1340	5	3
338	7	2
1043	2	9
501	5	7
2192	6	5
365	9	5
582	6	2
1059	2	10
466	10	3
236	10	6
1831	4	8
1397	5	7
73	1	10
545	9	10
1276	6	7
365	10	1
1494	6	2
691	3	5
450	10	4
1340	3	7
460	6	1
326	9	8
1617	2	8
891	5	3
891	5	1
1369	7	8
123	10	6
102	9	6
3635	6	6
72	1	8
963	8	7
68	6	10
114	4	10
1277	3	2
696	6	3
369	10	3
1173	3	1
13152	2	2
649	10	9
76	1	3
1344	5	2
85	5	9
362	5	9
993	4	4
1580	3	8
3314	6	6
2099	5	1
870	8	2
1652	6	7
2586	2	7
200	1	8
2121	7	7
98	9	1
48	9	6
1056	5	1
1262	4	3
1745	7	3
326	10	7
34151	1	1
4709	9	10
2483	10	3
306	8	10
1330	8	5
96	10	3
118	9	7
198	8	10
3073	2	6
1246	7	2
1264	7	7
110	6	1
354	9	6
1136	8	3
937	8	6
880	9	9
1476	6	8
361	9	8
1321	6	1
380	10	1
128	6	10
163	5	10
1500	5	3
1328	1	6
1389	7	3
13606	2	2
154	10	8
69	6	10
1173	6	7
1132	2	5
1540	8	7
84	10	3
719	9	10
277	10	9
144	1	5
1396	7	3
2392	2	8
516	10	4
1771	7	7
210	10	9
1100	7	5
1062	4	1
2044	8	7
76	8	10
83	9	3
534	3	7
631	5	6
3145	2	1
155	8	10
1032	2	8
1449	3	2
1530	3	7
801	4	6
1931	4	8
1492	7	1
1681	5	4
436	5	8
62	7	10
2821	8	9
1155	6	3
1581	2	4
1024	7	8
486	9	10
840	9	10
589	6	5
1274	6	3
1479	3	8
1080	8	7
654	10	2
113	9	4
1110	2	9
1304	3	2
326	9	8
222	6	10
980	5	7
1438	8	4
80	1	10
231	10	9
1580	7	9
1093	7	3
1189	5	2
715	4	8
11485	1	1
1313	4	4
435	9	3
1126	9	9
1110	7	4
153	5	9
1303	7	7
2697	6	6
626	7	9
2518	7	8
2886	6	6
2527	10	9
890	6	2
71	1	9
1098	2	8
1185	7	4
88	9	3
455	10	2
13916	2	2
538	5	10
1103	8	5
1619	7	1
1424	3	2
79	1	4
2129	6	5
3991	3	7
904	3	1
1087	8	7
220	6	9
371	5	9
142	3	5
935	9	9
541	4	1
108	10	1
102	7	9
3521	2	3
1762	6	5
613	6	1
1338	5	6
1197	6	8
1041	3	2
823	5	7
1120	2	8
115	4	9
156	10	2
864	8	1
1382	8	6
100	10	8
2029	8	6
1131	2	10
2094	8	8
136	8	4
1478	4	1
546	4	10
1121	7	2
542	4	10
260	9	4
801	8	6
1272	3	2
2016	4	4
548	3	10
12581	1	6
649	7	6
114	4	10
588	9	6
464	10	4
1788	6	2
562	8	10
4355	8	7
1566	2	4
538	7	2
5467	10	9
108	3	10
1228	8	4
526	3	9
4492	1	8
1595	8	7
2169	3	6
988	8	3
1465	3	4
700	9	8
413	9	9
8504	1	6
429	10	3
95	1	7
1574	3	4
1786	6	2
3056	10	8
1030	2	8
1003	5	2
1265	3	3
103	9	1
138	1	4
1924	5	4
1282	7	4
159	10	6
1437	10	6
975	7	3
588	10	10
994	8	3
71	6	10
74	1	7
613	5	10
784	5	10
1041	2	10
173	1	4
1761	4	5
1232	8	3
1144	5	3
84	5	10
913	4	8
174	10	1
57	10	5
136	7	4
531	5	7
1493	2	7
1851	5	8
118	4	9
737	6	8
1012	2	3
349	10	8
856	3	2
2085	4	4
1618	8	1
1203	5	1
9674	1	1
960	6	2
1816	7	8
93	10	6
1282	2	8
585	3	8
173	10	4
3595	6	6
1144	8	7
1034	8	2
433	5	9
1234	2	6
1661	4	4
585	7	8
1537	3	6
2248	4	6
1161	3	8
348	10	1
639	5	8
21404	1	1
13369	2	2
1728	1	7
522	3	9
1087	4	4
3060	1	1
145	8	9
748	10	8
2054	7	8
1542	5	1
14731	2	2
1863	8	1
1496	1	7
1965	5	1
1694	8	7
1280	2	7
1091	2	10
748	8	3
1162	4	2
188	8	10
181	10	1
403	9	2
790	4	9
2182	4	7
1197	8	3
71	6	10
1009	2	9
897	8	1
1823	8	8
1918	7	5
940	9	9
1339	2	9
404	9	5
3265	4	4
121	9	5
428	10	5
1404	7	3
90	9	4
19155	1	5
1425	2	10
6934	7	7
3069	7	4
1124	2	3
91	10	7
7841	1	5
120	4	9
720	3	4
468	7	9
79	1	3
2530	7	7
706	7	4
1605	2	5
1720	8	7
379	9	8
1245	8	6
431	9	4
1605	1	5
1405	7	8
1479	5	6
449	9	4
183	8	10
699	4	8
610	4	2
72	1	6
2893	2	1
672	9	10
933	5	6
1801	2	5
69	6	10
919	6	2
342	9	5
2403	5	4
139	9	10
83	10	3
117	9	3
1177	3	4
1546	4	4
1006	6	4
1287	3	2
549	3	9
1871	3	5
1094	7	8
71	6	9
500	3	8
1448	2	9
1339	4	6
1290	2	10
1005	2	10
477	10	5
117	4	7
1388	6	7
155	5	10
1601	4	7
185	9	2
1962	5	5
1815	4	4
1259	2	9
3040	9	10
736	10	9
110	4	10
690	4	2
103	1	7
426	5	4
1059	7	6
820	9	10
414	8	2
268	8	9
1133	2	9
729	5	6
77	1	2
1024	4	1
382	9	4
363	4	10
294	10	9
391	10	1
1849	7	6
361	10	3
330	3	2
1074	3	5
253	6	9
417	10	1
1098	3	6
1375	3	8
86	1	8
464	10	5
947	8	2
82	6	5
2816	2	8
118	8	9
1057	7	2
941	9	9
2431	8	7
200	2	4
1464	7	8
1700	8	8
755	7	1
331	9	9
1206	5	5
1007	3	3
273	10	6
184	4	10
750	9	10
363	9	6
303	7	10
86	9	5
1128	8	6
2371	5	4
1508	8	2
1107	3	7
1433	6	5
1307	3	4
534	8	1
901	6	4
78	3	10
1294	4	4
632	6	3
185	7	9
873	4	1
1271	5	8
1193	5	2
1077	7	10
835	3	4
83	9	4
385	10	3
129	7	2
94	10	1
472	9	4
475	4	10
2860	6	6
1007	3	6
3295	6	6
1355	7	7
1457	5	4
95	9	3
3607	1	2
1968	7	3
4783	8	4
207	4	9
1762	4	1
1026	6	2
467	10	7
253	5	2
472	4	10
394	10	1
3350	1	8
1601	3	3
1170	8	2
812	10	10
1492	8	1
578	3	5
73	1	8
390	9	7
882	6	3
103	9	3
1295	5	8
469	8	10
882	9	9
1182	2	8
416	10	5
1701	6	2
1478	5	5
1220	2	1
2178	5	8
917	8	3
887	2	4
618	4	9
185	8	5
885	8	4
391	10	5
913	9	9
78	10	6
1573	8	8
94	9	5
100	4	10
687	4	4
674	8	5
1511	2	9
2239	2	7
1174	9	10
959	6	5
69	10	3
240	5	5
747	7	9
574	5	10
1331	7	1
779	2	7
2786	7	6
646	6	4
208	5	1
1491	5	5
221	6	9
1660	4	4
1570	4	3
77	1	8
1400	7	4
1284	3	8
143	10	9
92	6	9
1158	4	7
1901	8	8
69	6	9
2000	8	7
900	3	1
130	8	9
1449	2	3
1830	7	4
1795	7	7
1184	6	2
1349	7	6
76	1	4
794	8	7
1284	2	7
1692	2	3
1656	8	8
492	3	8
123	8	10
1889	8	7
1210	5	3
388	9	2
1154	4	2
458	10	1
1060	5	3
1282	6	7
1331	3	2
952	7	3
456	3	10
773	6	7
159	8	9
2856	1	10
1122	8	5
1105	8	4
259	9	1
1487	8	5
772	3	9
348	10	3
259	7	6
1203	7	7
1545	2	7
594	3	10
803	7	5
37	1	10
94	10	5
302	9	1
1920	5	4
951	10	10
442	10	2
1271	8	5
2842	9	9
2182	5	5
842	7	6
619	3	9
435	9	3
245	4	9
879	6	3
86	1	3
2007	2	1
279	8	9
2531	2	1
73	1	9
6034	1	1
158	5	10
1270	6	3
384	10	7
618	3	7
450	3	2
714	4	8
214	10	1
445	7	10
28	1	9
69	10	7
2095	2	3
807	4	8
2378	10	1
507	8	10
538	4	3
345	6	10
146	9	1
271	4	1
1470	2	8
1759	7	7
1295	8	5
426	6	8
321	10	1
1428	5	6
2230	3	3
1303	7	1
359	9	4
385	10	10
71	1	7
14354	2	2
5560	3	4
74	1	5
12890	2	2
145	5	10
14256	1	1
76	1	7
199	1	3
91	9	2
1799	4	7
363	10	8
72	3	10
1935	4	6
155	5	9
1261	8	4
847	7	3
1147	2	10
321	8	7
1961	6	4
984	2	10
1376	5	2
568	5	6
1133	7	2
75	10	1
875	7	6
1423	5	6
1378	5	5
1072	7	6
263	5	6
1415	6	7
941	3	6
705	8	6
1358	4	4
311	9	10
977	7	3
995	3	8
110	9	3
74	1	5
1177	7	4
1499	4	2
193	5	9
572	5	8
1178	1	7
415	9	2
1601	5	7
68	9	7
1331	4	5
1830	9	10
1084	8	4
639	3	7
1907	7	6
1027	6	8
2042	2	5
139	8	9
1699	5	5
1160	2	9
220	6	5
1141	2	8
1883	2	1
1634	5	6
896	9	9
273	7	9
1947	7	6
2151	7	7
518	7	9
934	3	7
68	6	9
713	6	7
1573	3	8
990	3	2
922	4	1
154	5	9
3022	8	8
589	6	2
1326	3	8
1047	5	6
1251	8	3
1068	3	1
395	9	1
1453	3	10
1603	2	4
1332	7	1
1191	3	7
1691	4	5
163	10	3
70	6	10
54	1	6
1007	3	6
1181	3	2
739	6	9
147	9	6
595	3	1
113	7	1
220	6	7
245	10	6
440	10	6
73	6	9
998	4	1
109	7	1
238	1	9
1569	2	3
428	9	8
399	10	10
486	9	6
1453	8	4
1349	8	3
722	4	6
2096	2	6
1906	5	4
568	7	5
302	5	10
132	1	10
1068	7	6
937	3	4
409	9	3
770	4	5
81	2	7
2246	6	6
451	9	5
708	6	7
2185	8	8
190	5	10
1946	2	4
660	10	2
135	4	10
2015	2	10
214	10	9
1380	2	8
150	5	9
141	1	9
1238	3	8
1303	3	6
84	9	5
104	10	6
973	10	10
1321	6	1
1687	7	1
203	8	6
399	7	2
1270	4	2
560	3	7
55	3	10
1234	3	3
1651	6	8
1832	8	7
90	1	3
922	5	8
154	9	8
582	8	9
190	4	9
531	7	10
1078	8	6
436	9	8
14246	2	2
1328	7	1
1940	5	5
573	4	10
1071	2	9
1715	6	3
844	4	6
1555	3	3
1040	2	5
1258	8	7
1012	2	7
171	9	6
545	6	3
417	9	6
1270	3	6
2228	5	1
563	5	9
1530	2	4
357	10	3
696	4	1
1160	2	4
98	1	3
1365	2	7
2530	2	4
89	5	9
2055	2	3
203	8	6
2074	4	10
8129	6	1
760	4	1
1456	2	9
960	10	10
2794	8	8
136	10	8
1856	5	5
937	10	10
2361	8	6
481	9	3
1197	3	5
1435	7	5
1522	2	4
1887	1	8
133	4	8
1379	5	8
408	5	1
105	10	5
557	6	4
1455	2	7
1625	5	4
459	4	3
1903	9	8
170	10	1
5052	1	1
1036	6	7
145	5	10
438	10	3
645	8	3
971	5	1
933	3	2
1641	9	10
381	10	4
1129	3	7
1374	1	10
428	9	1
459	9	2
1546	5	1
1109	6	7
89	2	6
89	5	10
436	10	10
13169	2	2
1006	4	10
759	5	9
723	7	9
1437	1	4
3755	3	2
1470	1	2
459	5	10
396	10	8
1283	2	3
730	4	1
1804	2	4
759	6	7
119	9	4
993	2	5
166	10	1
596	3	1
76	6	9
1106	7	6
836	7	1
1108	5	9
2047	8	8
757	3	6
3422	6	6
207	6	9
62	9	6
992	8	7
1502	2	10
825	7	1
188	5	3
1657	6	8
93	1	5
336	9	4
536	6	5
14314	2	2
431	5	1
911	8	5
508	7	10
13600	2	2
203	10	7
415	8	9
1866	7	2
1185	8	1
1433	2	9
1571	2	6
91	10	1
1854	8	7
1115	2	3
1464	6	8
436	10	7
166	7	9
1644	4	10
486	10	4
1440	5	1
749	9	10
2287	4	2
133	9	8
72	6	10
1303	2	4
1096	2	3
199	3	9
152	9	7
98	3	2
2907	3	4
337	10	8
259	7	9
3412	6	6
89	10	7
1852	3	3
2073	8	9
614	10	7
1450	2	8
1027	4	2
1418	4	5
5535	4	5
383	9	7
386	9	9
327	10	2
1426	2	4
398	10	5
816	7	1
417	9	2
5360	1	5
373	9	5
71	6	9
129	9	4
1536	2	5
782	4	9
1413	4	7
138	7	6
1945	7	7
743	10	9
1229	8	7
4917	1	8
77	1	4
1332	6	2
336	4	9
978	8	3
1269	8	4
76	1	7
103	10	6
1360	6	4
366	3	10
1298	2	3
1100	2	3
3843	1	7
2399	7	7
1117	8	1
523	4	2
1067	2	3
1086	2	10
1672	8	3
1792	2	3
690	4	8
370	3	10
3145	1	1
1099	4	3
692	5	8
557	9	2
815	8	5
282	10	1
1653	2	6
1390	3	1
3171	2	1
560	10	3
913	6	5
1330	2	8
1115	4	7
828	9	9
1402	4	5
1723	8	4
861	3	4
96	10	3
566	10	4
3628	2	8
1018	4	2
939	1	10
204	3	9
2707	10	4
337	10	7
5580	2	7
702	7	9
1239	5	6
176	9	4
435	7	10
13502	2	2
166	4	9
75	1	2
2147	8	8
1193	7	2
1563	3	2
1324	7	2
3127	10	9
326	10	1
1203	4	2
1064	8	4
1332	8	6
23237	1	1
356	10	1
1269	8	6
651	5	9
1843	4	5
442	9	6
1618	4	8
1164	2	9
1622	7	6
1743	3	2
809	7	5
76	1	6
1328	7	7
213	9	4
917	6	5
1032	3	4
1751	8	8
1302	5	4
1562	8	9
96	10	8
3532	1	1
1164	2	9
1119	2	9
1154	7	8
1639	4	4
8397	1	3
876	8	4
2661	5	2
1339	3	8
1291	7	8
85	1	10
4036	6	6
3082	9	4
1448	2	7
859	8	4
1039	2	9
102	4	9
1127	4	8
1598	5	4
1290	8	3
344	10	3
1257	5	8
1220	9	5
1325	3	5
3747	6	6
1295	3	5
846	6	5
98	1	4
2915	6	6
2902	5	3
1176	2	10
4440	6	6
835	9	4
2175	8	1
829	4	3
1935	8	8
2259	7	1
221	6	7
1286	2	7
843	3	4
700	7	6
298	5	8
88	1	4
293	9	9
107	4	9
997	5	1
2968	2	5
528	5	10
523	9	9
1237	3	5
1283	4	4
1275	4	4
67	4	6
75	1	5
72	6	9
1655	5	5
1653	6	3
1222	3	2
912	9	9
73	10	1
431	7	1
637	5	7
1336	3	5
1343	4	3
1567	7	8
72	6	10
125	9	8
1158	8	1
1364	3	2
1014	6	5
1285	5	4
1665	5	2
183	3	9
1298	8	4
424	9	7
108	3	10
102	4	10
1237	6	8
1009	6	8
267	10	5
584	8	4
70	9	6
190	9	4
355	10	4
1994	1	4
1328	7	2
103	1	5
6279	1	3
381	9	3
1316	6	8
1039	4	5
1366	9	8
287	8	9
397	5	10
1309	5	1
5393	1	8
536	10	10
488	3	2
1501	5	5
599	7	6
733	4	2
306	10	4
1405	2	8
1983	7	8
230	9	9
1539	7	4
1166	6	1
481	10	5
1719	9	1
1173	6	5
2367	8	7
1262	5	7
3064	9	9
213	3	7
85	10	7
1391	8	6
2337	8	4
1422	3	3
1698	8	7
123	9	8
1457	6	1
820	5	7
432	9	3
683	6	7
99	3	5
358	7	5
1249	8	3
169	10	7
94	1	10
379	9	7
1389	6	5
2593	3	10
2413	10	10
1816	7	8
944	6	3
751	8	7
69	10	3
83	2	6
1291	3	4
137	1	6
1269	5	6
81	10	7
206	10	4
682	4	1
3991	6	6
1640	6	7
73	1	10
3983	1	1
906	3	4
689	3	6
1493	7	4
425	9	7
14933	2	2
1037	6	1
1100	3	6
405	9	7
857	4	6
563	6	2
705	7	4
1306	2	6
1373	8	6
208	10	9
894	8	10
1279	7	2
192	9	4
976	9	9
1510	6	5
146	9	2
69	6	10
989	5	7
157	8	3
375	10	8
440	10	5
508	8	9
1635	5	8
863	3	6
1874	7	5
291	9	6
1316	8	8
1870	7	5
1596	7	8
14999	1	10
193	7	3
1229	2	10
72	1	9
1606	3	2
69	1	3
1533	8	3
2327	2	4
1347	4	10
384	6	3
87	10	8
225	8	10
110	4	10
870	8	6
1396	7	2
2020	5	8
1926	7	3
149	5	10
2410	2	5
2071	2	1
1782	6	5
1398	2	7
301	3	9
1390	7	6
3494	9	3
378	9	4
2437	9	3
1162	7	6
597	6	9
194	10	5
704	6	4
1086	7	4
442	3	10
1832	6	8
1534	5	5
230	3	10
82	10	4
1279	3	7
1637	5	4
834	7	4
1150	4	8
271	8	9
342	9	2
222	6	1
165	1	2
500	7	10
1103	8	7
84	3	10
119	3	10
97	7	10
3181	6	6
703	7	10
524	4	10
956	3	4
2077	2	5
1300	3	2
409	5	9
1479	8	5
1325	8	1
2573	6	2
1197	7	8
918	8	9
1109	7	9
429	10	8
63	1	7
1727	2	10
13612	2	2
2685	10	8
713	4	9
419	10	6
1334	8	7
86	10	6
1715	2	5
452	10	7
599	3	7
1635	4	7
1700	4	1
1675	8	6
1514	5	2
419	2	10
2088	7	4
233	7	10
88	10	5
1161	3	2
1196	8	2
1860	4	4
1747	5	4
65	1	8
185	3	9
160	8	10
1263	4	8
1465	2	10
68	1	6
199	8	2
1211	3	4
1614	4	6
1195	3	5
635	1	4
1003	8	10
9117	1	7
1513	2	3
597	8	4
393	10	7
9753	1	1
2021	5	4
160	5	9
353	3	1
1062	6	8
907	6	8
127	9	6
1675	8	8
712	3	2
1719	2	6
91	1	10
1353	3	4
296	9	4
1774	5	7
1530	3	7
487	6	9
1181	4	1
1172	6	4
1600	8	3
593	7	3
1355	7	5
1064	3	4
691	7	10
614	9	1
417	9	8
1557	6	8
1522	3	6
1448	2	5
1043	3	4
371	6	1
96	9	3
1249	5	8
1104	2	6
1379	7	8
627	10	5
77	1	5
1448	5	2
437	10	1
79	1	8
838	4	1
953	9	9
1446	8	4
492	3	10
430	9	3
1043	4	7
1352	7	6
564	6	1
1588	2	7
2156	7	7
222	6	2
1437	6	5
93	9	7
338	10	5
960	4	8
106	9	7
1860	5	7
1144	3	6
562	8	6
1439	7	1
13677	2	2
2649	7	7
2505	5	6
1866	1	5
985	8	7
96	1	3
667	9	4
283	9	8
174	4	9
266	5	2
1751	6	7
613	3	7
366	9	7
1414	4	8
1116	7	1
543	3	1
1108	5	8
2065	2	8
74	1	5
1730	3	3
1716	8	1
387	9	7
1027	5	1
1711	5	5
14655	2	2
128	4	9
372	9	3
77	3	9
3429	2	1
116	9	6
524	9	6
81	3	9
1371	5	4
15853	2	2
160	8	3
780	9	10
2350	4	3
557	4	5
384	10	4
5295	5	3
66	9	8
2125	4	4
1090	3	5
466	5	10
397	9	1
1024	4	10
81	10	3
141	4	10
1157	6	8
2405	4	5
759	2	9
322	10	8
801	8	3
3099	1	1
58	10	4
326	9	9
1263	8	5
1538	7	3
2286	2	6
2455	9	4
1224	4	1
3113	9	9
1265	2	6
1366	3	7
790	5	3
1191	3	1
846	4	6
1933	5	1
67	6	9
191	5	6
1413	4	1
115	9	3
1163	8	6
370	9	1
104	6	10
838	7	4
1895	7	6
865	6	3
1187	2	10
1358	2	3
416	10	3
145	7	10
1695	5	8
73	1	8
718	10	4
1174	7	1
1651	8	7
601	6	1
1558	2	7
4434	10	6
384	9	3
4288	6	6
2162	6	2
533	4	1
3114	6	6
409	9	7
430	10	3
14319	2	2
351	10	10
1632	8	7
368	9	6
379	10	3
72	6	1
395	10	1
2390	4	3
1467	2	9
233	5	5
1520	5	7
1313	4	2
3417	7	9
657	3	7
939	8	6
1839	8	3
143	5	10
746	10	9
2960	2	3
414	9	4
1051	8	5
131	4	10
349	9	5
1802	8	8
237	3	6
1548	3	5
2068	6	1
235	9	2
1792	3	3
1213	5	4
1128	6	9
838	8	5
1610	2	6
269	10	2
627	4	7
1570	8	1
1760	6	5
769	7	9
1202	3	6
1638	5	3
437	10	5
13528	2	2
1001	2	9
141	9	4
927	4	8
108	7	10
1564	7	4
311	9	5
1157	2	7
4928	3	4
3353	6	6
29	1	3
3756	6	6
72	1	10
316	8	10
69	6	8
1025	5	6
166	10	6
1204	7	2
76	6	9
1955	5	5
81	5	9
151	4	8
2058	7	2
2193	2	5
1022	8	3
1359	5	2
1318	3	4
182	3	4
70	6	10
1519	7	3
10889	1	7
1553	6	2
61	1	8
1672	5	3
112	3	10
2192	5	8
1500	7	4
676	10	9
1292	4	8
41	1	2
1125	3	6
3497	1	4
1130	4	6
399	9	9
1536	7	8
336	9	5
449	10	5
2910	9	4
627	4	8
1525	10	2
1049	2	7
812	4	9
559	10	10
1128	5	2
90	10	6
1298	5	7
83	5	9
971	6	10
568	9	10
128	1	6
129	10	4
13147	3	9
78	9	4
88	10	1
74	1	6
1454	2	9
388	10	3
82	9	4
934	9	9
2044	5	5
1486	3	2
671	7	9
378	9	3
371	4	10
2396	4	2
324	10	4
122	9	8
452	7	10
135	3	9
1440	2	4
189	9	5
1023	6	10
2852	4	4
1235	4	6
152	4	9
975	3	3
1445	2	9
221	6	9
807	9	6
1233	4	3
1235	5	5
1039	2	4
755	10	9
88	9	4
277	9	5
2031	8	3
378	10	6
819	9	10
1321	6	5
1563	2	3
599	8	9
71	10	3
1375	3	2
15287	1	6
77	1	5
14191	2	2
1278	5	2
467	9	6
1043	2	5
536	6	10
84	9	5
1809	6	9
1152	7	1
1962	2	4
639	5	2
227	1	6
135	1	6
170	9	8
1911	5	6
2063	5	5
1393	5	1
1479	4	6
2058	6	3
1327	2	7
2574	5	4
1017	2	3
550	8	9
132	5	9
910	9	9
1834	4	5
1493	2	7
534	7	10
1029	4	10
698	5	6
100	5	10
337	3	10
614	10	3
881	4	7
1235	5	7
1450	2	1
461	10	7
415	9	1
191	5	10
90	9	8
848	7	6
1457	8	3
1328	8	5
722	9	10
1538	5	7
123	10	1
1977	7	7
130	9	10
780	6	5
2725	6	5
1018	9	9
104	5	10
771	9	9
2471	5	5
2013	7	2
1033	2	8
84	1	10
451	10	10
58	10	8
1119	2	9
1546	6	5
805	4	7
1078	6	3
1352	3	7
850	6	1
525	7	9
1391	7	2
1064	8	7
938	3	7
82	8	10
1302	5	4
502	7	10
148	8	9
75	1	8
9355	4	4
8042	8	2
1509	7	4
381	9	7
689	7	1
13351	2	2
196	5	9
82	1	10
556	8	6
7057	1	8
356	10	3
1377	5	2
78	1	6
557	3	1
304	3	5
1964	7	7
1516	7	4
1253	9	6
1145	2	7
461	7	5
1343	5	2
84	9	2
1034	2	10
1593	2	3
164	8	10
1492	8	1
1081	6	4
1351	6	7
717	1	9
87	1	4
1090	6	2
1052	2	9
436	10	10
1862	5	5
1228	6	1
532	4	9
388	10	4
82	10	1
481	3	9
189	5	6
94	10	7
1430	2	6
838	9	10
510	8	5
1026	9	9
765	4	2
1512	3	3
1467	3	5
1907	2	1
79	1	3
328	10	7
381	9	5
1268	3	2
3569	6	6
1820	5	4
976	3	4
826	7	8
78	4	9
83	1	7
83	9	2
319	5	4
69	4	10
912	6	1
76	4	9
1251	7	7
330	10	5
1169	2	8
88	10	7
1426	3	9
13581	2	2
1088	2	3
709	10	9
541	5	8
376	9	8
719	9	10
909	6	1
156	8	10
2993	7	5
837	6	2
753	7	3
555	3	9
1013	3	3
75	1	7
2067	5	8
1436	3	1
157	8	1
414	5	6
681	6	8
483	8	1
152	6	8
760	7	4
1242	4	5
2191	2	9
538	6	3
559	4	7
65	6	5
2293	7	3
158	8	10
2258	3	4
1186	2	6
272	1	6
22076	1	1
13936	2	2
154	8	2
237	9	10
1716	8	7
106	10	3
110	4	9
1496	7	8
68	4	10
276	7	10
91	9	4
370	4	9
1576	2	8
88	3	10
241	3	10
344	5	9
13180	2	2
492	8	5
84	10	4
430	5	7
1274	7	5
250	9	3
72	1	6
108	4	6
74	1	6
378	3	5
1219	2	9
971	7	3
457	4	9
427	9	9
447	10	5
412	10	6
521	9	9
1191	2	10
513	5	10
1132	7	1
994	2	10
198	9	10
74	1	6
326	9	4
2044	6	5
1601	4	5
1101	8	6
1215	7	2
90415	1	1
1275	2	7
121	3	9
1374	3	6
1802	2	8
959	7	4
271	6	9
1612	4	5
65	4	1
320	9	2
177	8	9
262	6	2
223	10	7
663	7	4
420	9	3
1267	8	3
596	4	3
1502	3	5
13505	2	2
335	5	9
130	1	2
926	4	9
71	6	4
1211	4	5
1568	6	7
1182	8	3
365	7	9
583	7	9
1628	3	3
784	4	5
1896	4	7
353	10	10
1858	7	8
402	10	7
315	6	5
1514	2	5
4930	9	8
92	10	6
1535	4	6
5273	9	9
86	10	7
1109	6	5
3697	6	2
69	1	2
657	5	7
1360	5	6
506	4	1
786	4	7
212	1	10
2027	5	6
2355	1	2
1346	6	7
1169	6	8
2059	8	7
318	9	2
87	10	8
1034	6	3
191	10	5
1407	3	2
1771	4	2
1347	8	8
386	10	5
104	9	6
1494	3	5
1713	10	10
728	2	4
4129	6	6
95	1	10
102	7	9
1544	5	5
108	9	4
1486	3	5
386	10	8
365	10	5
53	10	7
691	10	9
532	7	4
873	4	6
1407	5	7
1141	7	2
467	10	6
1121	5	3
850	5	6
283	4	8
740	5	1
22097	2	2
421	10	10
83	3	10
470	8	9
1599	5	10
903	4	5
256	8	10
1019	5	7
2160	2	4
947	4	1
8857	8	7
40	1	2
138	1	7
267	10	6
3881	1	4
88	10	1
154	9	8
1221	7	8
814	4	2
305	3	6
804	7	6
700	5	8
1431	8	7
118	1	10
1549	3	5
1684	8	10
337	7	10
73	1	5
1416	7	5
1546	2	6
3522	3	7
554	8	10
71	2	7
1786	6	1
1482	5	5
1562	7	5
1093	5	8
1825	2	3
1920	1	7
2722	2	1
101	10	6
3211	8	4
1388	3	6
1555	2	6
256	5	2
5817	1	1
1998	7	8
1610	4	6
3169	6	8
1025	2	10
127	7	9
465	7	3
612	7	3
936	5	8
919	5	1
1245	5	1
402	10	4
365	9	6
359	3	1
1449	4	2
821	9	10
1455	5	5
1604	2	6
71	6	10
84	10	3
497	3	2
1533	7	1
1691	5	4
14226	2	2
409	4	10
199	9	6
866	3	10
123	10	8
1411	6	7
1216	2	8
3096	1	6
814	5	8
250	3	9
1709	2	5
1219	2	7
77	1	6
1097	3	8
905	4	9
362	8	1
528	9	6
613	5	9
354	6	5
1284	7	2
849	6	7
1665	6	7
315	6	9
1018	3	5
13418	2	3
93	10	2
81	9	7
1626	5	2
1611	2	3
753	8	7
1721	2	4
1347	7	6
418	8	10
1605	5	7
1607	8	7
143	7	9
4686	6	6
1062	6	9
74	1	8
2132	7	7
2028	3	10
773	4	3
76	4	10
1385	4	4
1183	1	7
659	4	3
1309	3	6
1556	3	8
1178	2	5
1300	3	3
979	3	7
50	1	2
2188	2	7
117	9	2
1543	6	3
764	4	7
964	10	10
3123	2	10
1768	7	3
189	9	1
1535	8	8
717	3	8
1604	8	4
439	8	9
1472	2	10
88	10	5
1607	4	5
154	1	3
1336	8	8
1578	5	3
326	3	9
809	4	1
3483	2	1
1135	3	4
911	7	2
1239	3	4
332	10	2
528	5	4
114	9	2
978	4	3
399	4	2
1239	7	1
14970	2	2
811	5	7
5214	1	7
704	6	4
58	4	9
81	1	5
3077	7	5
1194	8	6
384	9	8
326	10	3
696	3	2
74	1	7
90	9	6
473	3	10
1805	2	6
76	1	5
5465	1	6
146	5	9
508	8	10
2081	4	5
1804	8	1
1273	4	7
969	9	9
1469	3	7
1331	3	3
1245	8	6
1644	7	4
486	4	8
1950	3	3
1094	7	4
978	3	9
143	7	5
694	9	3
2084	2	7
2054	4	5
858	8	1
1593	3	8
2129	4	6
463	10	7
1284	2	4
3072	10	1
966	4	2
296	8	6
1036	2	10
1344	6	5
322	10	6
128	1	9
110	4	10
426	10	2
2131	6	2
340	10	8
1139	6	3
414	4	5
314	9	9
754	3	10
2225	3	2
1737	3	3
253	6	2
1207	4	6
1367	5	1
1030	7	10
1961	3	3
134	3	9
320	10	8
1871	5	8
85	10	5
1076	8	6
228	9	3
397	4	9
406	10	3
151	8	10
1968	5	5
1296	7	8
1106	4	4
792	3	1
171	4	9
6678	1	7
220	6	8
1008	5	8
838	8	10
450	7	10
1511	2	8
1045	6	1
288	4	6
294	9	5
1188	8	3
83	10	8
1900	2	8
85	1	2
143	9	5
54	9	3
1278	3	4
63	1	9
483	5	3
155	10	8
495	8	3
1154	7	1
92	10	3
1037	4	7
424	10	5
1117	3	7
1575	3	5
148	8	10
1292	3	6
1553	7	7
527	7	5
777	6	2
94	9	3
13854	2	2
2363	7	7
640	5	2
146	9	2
531	10	8
945	10	10
1511	8	4
77	6	9
341	9	6
79	2	7
1393	8	1
1027	3	7
1719	4	5
323	10	10
774	5	3
509	8	3
77	2	7
1195	5	2
341	5	9
1285	6	5
1634	8	5
95	9	8
94	1	2
1060	7	7
390	6	10
1301	7	5
15379	1	2
90	9	1
743	1	8
68	6	10
606	8	4
454	9	4
1253	4	1
1985	7	3
1313	4	7
2005	1	5
77	1	2
339	10	8
1105	5	1
104	1	3
1127	6	1
1229	8	4
1727	2	5
17230	2	2
1934	8	8
1784	5	5
82	8	10
679	10	9
81	9	7
1016	8	6
420	9	6
1133	4	4
1199	5	6
1607	2	8
619	9	9
1235	3	7
75	1	8
366	9	3
388	8	9
349	9	6
552	10	7
2649	1	1
1670	5	8
1498	5	6
252	9	9
2358	5	5
514	1	7
338	10	2
417	8	9
1915	5	5
169	10	9
1592	3	2
1309	7	7
1112	2	9
74	1	6
676	10	10
422	10	3
1206	3	4
2656	6	6
1403	2	6
693	9	8
3335	10	9
610	4	5
1322	10	2
1928	2	4
149	9	1
1226	2	6
74	1	5
220	6	9
214	8	1
1370	3	7
692	6	3
3329	6	6
891	1	9
653	3	4
666	3	2
92	9	5
3639	6	6
3365	9	10
962	3	6
1595	2	4
1131	3	1
3434	4	4
689	10	9
943	8	7
57	7	10
1158	3	8
915	7	8
136	4	2
354	10	6
1070	7	1
1455	7	2
2855	4	4
1255	6	7
1321	2	4
377	4	10
447	10	8
71	1	8
1529	8	8
312	9	8
987	7	1
1149	2	10
542	4	6
1151	3	3
133	9	2
604	4	10
1430	3	3
1018	5	2
1583	5	5
1382	3	1
464	4	9
1668	2	8
1169	3	8
78	10	7
1866	7	1
1035	7	8
424	8	9
74	1	4
732	9	10
1250	6	3
1066	5	5
1191	4	4
79	5	1
310	9	1
331	4	8
5302	10	10
1334	1	7
1123	7	1
70	6	9
1070	5	6
1421	6	4
751	5	3
4440	3	3
1514	7	5
306	9	6
2086	10	3
1329	3	5
9188	1	5
1258	7	3
2850	6	7
1675	6	3
1689	7	5
1150	2	10
6638	1	1
630	8	1
1471	2	4
563	5	7
1230	8	4
1512	7	3
461	10	7
1537	2	7
9420	1	10
2665	6	2
318	9	2
225	5	4
459	10	6
3278	9	10
96	10	1
1656	4	1
10520	1	10
728	7	10
1880	7	7
227	3	9
76	1	6
1136	6	9
865	7	5
280	10	9
597	7	2
88	7	10
387	6	1
4050	1	1
1993	6	2
823	2	7
873	5	4
1216	3	1
281	7	4
493	9	4
247	5	10
1332	2	3
807	6	10
1393	4	1
759	8	2
1372	8	3
1168	8	7
1513	3	3
189	8	10
1459	4	4
1469	2	3
1328	3	8
1640	2	8
255	10	3
318	10	3
1792	4	4
71	1	10
130	9	5
1127	4	2
1066	2	10
1013	4	10
659	5	10
1779	1	2
176	9	6
2632	1	1
932	10	10
140	9	6
265	3	10
1433	2	4
1672	8	5
578	4	10
1135	8	2
238	1	3
1282	8	1
295	9	3
1049	2	8
1302	2	7
96	9	7
1136	5	6
449	6	9
69	9	4
1187	3	6
2456	4	6
781	6	2
538	3	5
2115	5	2
107	9	5
1300	6	7
1278	2	7
111	10	5
164	8	9
1132	7	3
1231	8	5
1365	5	8
1551	3	3
114	9	1
289	3	9
1181	7	2
3284	5	4
63	9	8
621	4	2
779	10	9
180	9	2
1368	3	4
1641	4	6
1185	3	7
570	5	2
745	7	1
69	6	2
227	9	10
268	3	10
117	3	7
533	9	9
340	7	9
63	7	9
1466	2	8
2298	6	7
517	10	6
1742	7	8
467	8	9
73	1	7
2425	4	6
76	1	9
1163	4	3
824	7	8
1147	3	7
173	9	7
1599	5	1
1073	6	5
1842	2	10
1663	2	5
98	9	5
75	1	8
1432	4	3
93	10	1
1649	7	7
1278	4	3
1391	7	4
890	3	7
591	7	3
5646	1	1
243	4	3
1079	8	5
4622	7	7
2232	4	1
1038	8	6
1023	3	7
219	6	4
1633	2	6
161	7	10
1349	5	5
3405	9	4
695	8	3
96	10	6
1469	2	4
832	3	8
1900	4	4
734	9	10
309	1	3
78	4	9
92	9	7
192	9	8
350	9	1
462	10	6
1128	3	3
1641	2	1
2011	5	7
5230	3	2
1454	4	2
703	6	3
865	3	2
150	8	10
170	5	10
372	4	8
1628	6	8
2708	2	1
4390	1	3
1699	7	5
2108	1	8
536	5	9
778	3	4
6214	2	6
1027	3	4
87	10	2
955	6	5
518	9	5
85	1	9
75	1	8
93	10	8
368	10	6
453	10	4
1202	4	1
89	10	6
5419	1	4
94	9	3
1195	8	5
247	10	5
1325	5	2
774	10	9
1366	7	3
868	1	5
1349	2	7
445	10	7
85	10	6
300	10	2
1378	2	5
416	6	9
4412	8	5
1979	2	7
1080	3	6
340	9	3
216	8	10
1722	4	7
713	10	2
1160	6	2
665	7	2
1673	5	5
1109	6	8
957	7	2
2041	6	2
160	3	9
329	9	6
143	8	10
1309	8	6
1367	6	5
150	7	10
431	4	7
383	10	1
1159	2	5
2586	6	6
466	4	1
97	10	7
273	6	5
4642	8	6
112	4	10
1177	6	7
1419	8	5
902	3	7
311	9	2
15677	2	2
315	4	1
419	9	6
1347	8	8
157	10	4
244	10	1
1504	7	2
73	1	2
78	1	9
511	10	8
1258	5	7
124	8	9
136	5	9
1364	6	7
1703	5	5
1461	2	10
714	6	7
1084	2	9
2927	6	6
75	1	5
1038	7	3
1331	3	5
1435	5	8
943	9	9
704	5	6
116	9	5
1348	7	6
64	1	5
420	10	1
375	10	4
2029	4	6
1459	3	5
818	3	1
114	4	10
1404	6	5
64	1	7
1765	8	7
69	6	10
2330	3	5
404	9	1
323	9	2
1428	3	8
1163	3	1
423	9	3
74	1	5
75	1	7
971	6	1
107	10	3
788	2	10
440	9	6
491	3	9
1490	3	7
1172	3	4
1117	2	10
1432	2	9
2406	2	8
1289	3	1
100	7	9
69	6	10
9286	7	3
1404	8	4
585	3	1
1268	6	2
74	1	8
2174	7	3
1452	2	10
7634	1	2
1153	3	1
1343	8	8
1039	6	10
6172	2	3
1213	5	3
730	10	9
710	4	10
736	8	2
426	8	4
695	8	9
3801	9	10
382	9	8
1058	8	1
2155	2	8
674	4	3
436	9	3
1264	2	6
141	1	2
394	10	3
217	9	8
219	6	10
2304	2	1
1348	2	7
1731	5	1
1731	7	4
1273	5	7
5732	1	3
327	5	9
1669	8	2
1407	7	8
1223	3	6
618	10	9
1185	2	10
715	8	7
1635	5	5
709	3	5
540	9	9
66	6	8
338	2	1
297	9	6
149	9	1
1825	8	7
371	9	3
423	9	2
434	10	10
263	10	4
506	9	7
1584	7	8
1747	5	5
763	4	5
88	9	2
81	3	9
810	5	10
2416	1	2
2700	7	5
82	7	8
408	9	9
79	1	10
163	5	10
1322	8	6
1477	5	6
926	6	2
1282	2	6
1161	6	5
14191	2	2
1726	4	5
1937	7	7
1177	8	5
623	5	5
845	7	1
350	10	3
717	9	10
1888	7	7
75	1	5
1629	8	1
2209	6	3
75	1	7
1074	5	4
843	2	4
1063	2	4
859	8	9
1011	8	2
7591	6	9
1897	4	4
2232	1	5
1304	2	8
4718	10	3
1160	6	8
1388	3	8
50	3	9
336	9	8
511	9	7
1140	2	10
1998	2	6
284	5	10
331	9	2
650	9	10
333	9	2
240	6	7
68	9	1
426	9	1
1688	5	5
2032	8	2
1761	3	5
1158	7	1
901	6	3
91	9	4
890	9	9
95	1	4
1142	7	5
1245	5	4
1252	7	1
766	6	3
151	7	6
94	1	9
1486	4	6
1027	4	2
1348	3	4
1455	3	5
115	10	6
673	3	2
1477	9	4
388	4	9
764	3	2
1374	4	5
942	10	10
1098	2	6
485	3	2
764	3	5
207	10	7
70	1	10
80	9	6
842	5	1
169	9	10
386	10	7
537	8	9
314	5	3
8805	1	7
2168	2	5
784	7	3
292	10	2
78	2	9
91	10	1
843	3	5
923	10	9
78	1	7
956	10	10
316	3	9
1561	2	7
276	10	3
418	5	10
148	1	6
74	1	5
136	9	1
1386	4	5
424	1	2
1136	7	8
1290	2	7
3849	6	6
101	9	6
850	10	10
598	8	7
4914	2	3
1034	3	1
846	8	7
1381	2	7
953	7	5
2632	6	6
84	9	8
408	9	9
127	9	2
679	9	9
964	4	3
383	10	2
78	1	7
981	3	7
896	9	9
913	3	9
1253	4	7
1548	2	9
569	7	3
168	8	10
1448	5	3
426	4	2
398	5	10
87	10	4
447	9	8
83	9	5
1124	2	10
2763	2	1
1031	2	4
71	6	8
91	9	3
356	8	9
1251	4	3
1247	3	7
196	3	10
2505	7	6
156	1	3
880	7	5
411	4	9
308	8	4
6327	4	5
2818	2	8
1197	2	6
74	8	9
1046	8	4
527	6	10
374	10	10
373	9	8
1791	7	5
390	9	6
936	7	8
3938	6	6
497	9	7
1438	10	2
936	7	3
1391	7	6
1503	3	4
1604	2	5
1060	8	3
2211	7	6
1579	7	4
982	10	10
1935	7	7
636	3	6
1086	2	3
105	3	10
71	1	8
78	9	4
1618	8	1
84	8	2
1863	8	6
220	1	9
128	8	10
1371	3	4
538	7	2
909	7	2
1528	1	3
307	9	1
632	6	1
888	3	6
791	9	10
995	2	9
1110	4	6
1758	4	4
316	9	3
1317	7	1
2096	2	3
1584	6	2
127	7	10
336	3	10
149	5	10
1317	7	2
58	7	4
1319	2	3
1718	8	7
56	7	10
792	5	1
1328	3	1
1522	5	7
360	5	10
517	3	1
94	9	1
328	9	8
3160	2	5
94	9	4
71	6	2
98	4	10
315	10	2
425	10	4
2030	6	1
771	2	9
58	4	10
221	6	4
715	7	9
1903	5	4
6705	1	4
82	5	9
1519	1	6
209	8	5
753	6	1
328	9	6
247	1	2
88	3	10
611	8	4
1002	10	10
334	9	4
1623	7	8
1404	6	5
845	7	10
83	10	1
4107	6	6
1191	2	10
455	8	4
1383	4	7
153	5	9
71	1	3
486	4	8
1746	8	3
1516	6	7
1618	2	7
316	9	9
5067	2	2
1351	6	7
57	7	9
1039	2	10
67	6	9
2216	8	8
91	10	5
924	4	10
1665	6	3
1549	2	10
930	8	3
750	5	3
100	9	4
1288	5	8
1147	4	1
571	8	4
1351	3	8
1589	6	8
81	1	5
8051	3	9
96	10	3
1139	2	6
507	9	5
777	6	8
2845	2	5
144	8	9
710	5	9
140	7	10
89	9	3
815	6	10
1439	6	3
1470	2	10
1060	2	4
1770	5	2
123	6	10
9685	5	2
364	9	1
1525	8	5
4031	1	2
1006	3	2
1552	8	2
2742	2	3
1218	5	2
1282	5	3
328	9	7
411	9	4
319	9	3
954	3	3
759	7	2
1006	6	4
733	10	9
321	9	4
3418	10	9
397	6	2
327	10	10
2437	3	6
1141	4	8
374	9	3
76	1	8
1428	2	5
1924	8	8
24922	1	1
934	6	8
761	4	2
1771	4	4
2013	2	4
1703	4	2
1266	2	6
1043	7	2
625	4	2
13483	2	2
3036	1	1
1275	3	4
1305	7	6
229	7	10
387	3	8
1134	7	7
739	5	2
439	5	6
322	9	4
1035	7	8
810	6	10
1336	7	2
493	9	8
250	5	10
1097	3	4
1972	7	7
78	1	10
187	3	1
716	8	7
965	10	10
90	8	10
120	9	2
3405	9	10
73	1	9
1411	2	9
2365	5	7
2338	6	7
919	7	9
502	4	10
1040	6	4
1203	7	3
717	8	5
22320	1	4
1839	7	8
373	10	1
1178	4	8
148	5	10
800	3	7
2267	7	8
836	5	2
142	10	3
361	10	8
1090	5	6
3097	1	1
1009	4	8
1296	5	8
1262	2	9
720	7	4
627	10	10
1860	5	6
1681	8	4
452	9	9
1412	6	5
1337	4	5
1319	6	10
300	9	6
1086	7	4
431	3	6
432	6	7
204	9	1
1365	7	4
194	5	9
1811	2	9
1411	7	7
1386	2	7
262	8	6
1387	4	4
1451	4	6
15105	2	2
2132	2	9
131	7	10
1887	7	7
1203	8	2
78	9	7
198	1	5
553	8	10
1091	2	10
458	3	2
487	10	5
1422	4	5
286	10	7
178	10	7
1085	8	6
688	5	5
1362	7	7
485	10	6
1056	1	6
7294	1	1
2290	2	3
1394	6	8
1650	7	7
149	1	5
92	9	7
453	10	2
681	5	10
1043	1	2
901	7	7
101	9	5
2173	2	8
290	9	8
3146	2	1
1091	7	6
1773	4	3
1089	3	8
634	1	3
1461	3	5
1012	7	3
603	5	1
225	1	8
1166	2	4
1698	4	4
649	7	4
1609	2	10
744	8	3
1114	8	6
96	9	5
430	9	1
1058	8	4
482	7	6
1465	8	5
692	4	10
1040	7	10
708	3	2
137	9	6
13133	2	2
141	8	10
68	6	4
763	10	9
1790	6	2
727	6	4
56	4	9
185	8	10
1380	2	5
1620	5	7
943	8	8
712	4	8
345	9	1
1614	2	5
191	5	9
2261	8	8
1020	2	9
84	10	5
1394	3	5
1418	7	5
557	8	3
1886	1	6
1372	8	3
1227	1	6
312	9	9
447	8	10
939	10	9
731	7	1
142	5	10
322	10	7
539	4	2
440	10	7
879	8	10
290	10	3
1023	5	7
112	9	8
1347	7	5
82	3	10
922	3	7
584	3	5
1188	8	5
319	9	5
189	4	7
1445	1	4
1428	7	6
183	8	9
399	10	1
764	7	5
1187	2	9
215	2	7
216	10	8
1924	2	1
777	3	1
1293	4	8
490	4	9
1559	7	5
3937	2	1
146	8	10
556	5	4
1674	7	7
71	1	7
84	10	3
180	3	9
76	3	9
148	2	10
102	7	10
690	5	2
636	8	9
1197	3	5
1102	2	5
74	1	4
1724	7	2
1411	3	5
1198	4	5
75	1	4
64	4	9
534	7	3
1129	8	9
1153	4	2
1168	5	2
1388	1	9
1059	5	8
1403	6	4
1270	4	3
144	9	4
1227	5	3
90	9	3
510	3	2
450	9	6
79	2	8
1122	7	4
4393	1	6
1848	7	4
481	10	3
218	9	1
73	3	9
1146	2	3
72	1	9
1221	2	6
1365	3	5
1067	7	2
64	7	10
830	2	7
901	7	7
220	8	10
352	10	6
97	7	10
1136	8	5
1108	8	3
527	6	8
167	10	6
1466	4	5
876	5	7
1612	2	3
1016	2	4
1063	2	4
302	9	9
2069	8	8
3698	2	5
83	5	10
1759	7	7
2196	7	7
154	8	10
1001	3	4
116	9	7
1281	8	4
516	3	9
1582	6	4
1518	2	3
1644	1	10
573	4	6
1231	8	5
1394	4	2
1691	6	3
459	7	6
20197	1	1
484	3	9
1482	5	3
1631	8	2
774	3	7
940	3	4
1425	4	3
520	8	3
21903	1	3
694	5	1
1780	7	4
1275	4	5
1148	3	8
363	10	6
477	4	3
733	10	9
1529	8	8
187	9	2
1664	8	6
1431	4	7
1795	4	4
196	5	10
2740	6	2
249	8	10
69	6	9
2192	5	5
1430	2	5
787	10	9
483	9	8
2107	9	9
88	10	7
1531	2	5
98	9	1
1502	6	1
1223	4	8
1723	8	3
721	8	7
334	9	9
1356	7	5
1247	7	2
5402	6	5
132	10	4
1811	2	1
175	3	8
86	10	6
168	10	1
229	8	5
905	5	2
327	10	10
319	9	1
170	7	10
265	9	1
87	10	6
498	9	5
1064	3	6
2131	8	8
1378	6	7
965	3	7
18523	1	2
246	6	10
1091	7	4
1256	5	2
74	1	5
1131	6	7
1084	2	6
87	9	5
1129	2	8
1268	5	6
98	3	10
399	8	9
89	10	3
2975	9	7
2422	6	4
446	5	7
2196	4	5
934	4	6
2708	7	8
169	5	9
311	9	4
352	9	8
567	8	7
87	10	3
54	10	5
974	10	10
2385	10	9
748	3	10
383	10	2
1145	2	4
131	1	4
495	8	10
239	9	8
717	4	9
1447	6	5
1377	4	7
1622	1	10
1450	2	9
742	3	1
1996	3	3
12402	1	1
656	5	2
74	1	3
101	5	1
1878	5	5
429	3	10
2004	8	5
1221	4	2
805	5	3
1051	7	2
1365	8	2
1875	2	7
2614	8	9
1052	4	1
1184	4	1
73	1	10
1958	8	8
1125	7	6
407	9	6
1307	3	2
928	2	6
13665	1	4
683	3	6
1117	6	4
90	9	6
248	5	10
2262	8	4
125	10	1
87	1	2
440	9	2
1715	8	7
88	10	2
154	1	5
1343	3	3
1415	2	3
234	4	9
1574	6	5
1011	2	6
615	4	6
106	7	9
1564	2	4
1268	2	9
1347	2	8
1393	6	8
370	9	3
301	9	9
335	8	9
118	9	7
722	9	10
984	6	4
71	1	5
268	9	5
250	6	10
1608	2	8
111	10	5
335	7	10
73	1	10
1353	2	4
260	10	6
2135	7	7
1252	7	8
1449	5	3
92	9	5
1069	7	5
7610	1	4
156	8	9
701	3	9
7056	6	9
96	10	2
2025	8	6
2957	1	1
87	10	6
342	9	7
1356	6	9
663	5	8
4271	1	2
1332	5	2
1543	7	8
4452	4	5
1070	3	7
1635	4	4
1276	7	6
83	1	8
1020	4	1
97	2	6
131	10	9
415	9	3
1383	2	7
1314	4	4
131	10	8
437	9	2
237	8	10
413	9	2
790	5	7
17425	4	5
800	6	1
766	10	9
1697	3	5
1256	8	9
590	5	6
64	1	10
299	8	10
1034	6	5
1053	8	2
2255	2	9
1851	7	10
455	10	9
667	8	10
1454	3	3
919	9	9
455	10	2
1846	2	6
1306	5	8
308	2	7
1799	5	4
421	9	6
75	10	6
102	7	10
73	1	8
1778	5	8
508	10	6
1612	5	7
653	7	6
503	10	7
440	6	7
272	10	5
236	9	10
904	4	2
952	7	5
945	4	2
140	5	10
1127	8	3
1260	2	6
1192	7	1
361	9	2
1247	3	1
830	7	10
1412	8	1
1521	7	5
1003	9	9
412	7	10
1432	3	2
1003	2	9
1712	3	6
1785	3	3
429	9	6
911	7	5
1136	2	10
12480	2	1
71	6	10
663	8	6
718	10	9
388	9	1
1326	7	5
635	8	9
2508	2	9
166	9	10
1386	7	6
1456	5	10
69	6	10
1023	3	1
99	1	5
946	8	5
69	9	4
512	8	10
2101	6	4
795	2	8
141	5	10
1472	3	8
1900	4	3
1175	7	5
1551	8	4
1885	2	1
1269	3	8
821	10	10
871	3	7
979	9	9
735	5	7
121	4	10
74	1	10
474	10	8
1250	8	4
625	3	1
1147	5	6
1329	3	3
326	9	7
19012	6	6
587	10	5
758	3	1
980	3	4
140	10	6
1658	7	3
1282	4	2
153	10	6
1060	6	3
771	6	8
1188	2	9
1116	7	8
621	10	2
823	7	5
1161	5	5
1233	4	5
141	5	8
329	3	4
60	4	10
1329	7	3
804	5	6
1364	7	8
1636	5	4
1707	3	3
972	7	1
1132	6	5
1600	4	5
318	10	7
4296	1	1
78	1	8
462	4	8
341	10	3
683	9	6
1061	5	3
671	6	3
484	9	3
1384	8	10
1244	6	5
396	9	6
1187	2	4
1236	4	4
1937	7	8
821	3	3
1362	2	7
1003	2	9
444	9	2
1161	7	2
1290	8	5
85	5	9
1229	4	8
1264	5	8
988	7	3
1370	3	8
448	6	9
518	3	6
2545	6	6
877	7	8
524	5	4
125	8	10
970	4	8
898	8	6
790	7	10
1255	3	7
1171	2	10
89	9	8
2337	5	5
1224	7	10
1300	1	9
1356	5	8
2972	6	6
2122	5	8
530	8	10
12832	2	2
1261	7	7
868	8	8
746	4	1
1317	7	1
491	7	6
281	10	1
530	3	9
12617	2	2
1413	5	7
72	1	5
1600	7	5
660	4	8
135	5	8
558	7	9
488	7	10
608	3	5
1093	5	9
1350	8	1
850	6	4
3482	6	6
771	10	9
112	9	8
414	10	4
498	9	10
2199	10	5
375	10	6
1309	5	8
890	2	8
259	1	4
1260	5	1
1490	8	4
12879	2	2
1534	6	8
1138	3	1
1779	5	8
846	6	9
14909	1	8
2163	7	2
1718	2	10
1384	2	4
342	9	1
376	10	3
357	10	2
2331	8	8
575	1	3
1360	3	7
69	6	9
1386	7	3
648	7	3
865	5	8
109	4	10
1120	4	6
193	4	10
4285	6	6
1220	7	10
144	6	10
149	5	9
69	6	3
541	5	3
2028	2	1
169	7	10
363	9	7
1299	4	6
1438	8	1
158	10	4
128	4	3
221	6	7
1256	7	5
158	3	10
2093	9	4
70	10	1
160	8	9
1622	7	7
1977	4	5
1716	6	8
1150	9	9
1869	8	8
1821	8	7
1677	2	3
1138	5	3
1170	5	4
755	10	9
1624	4	5
3974	6	6
1759	4	7
2098	7	6
1863	7	7
902	5	6
818	3	5
463	9	5
130	9	10
1926	6	8
1454	7	3
81	2	6
387	9	1
1409	7	4
1394	3	1
2137	2	4
1785	4	6
1047	10	10
494	5	3
1719	3	3
1735	7	7
987	5	3
517	6	5
78	1	10
473	7	4
585	10	2
1259	3	4
411	9	1
1176	3	7
1073	8	1
209	9	7
1228	7	6
1133	4	4
76	1	3
2617	8	2
69	3	9
809	3	7
6765	1	7
1336	7	7
186	3	9
1330	7	2
679	7	5
1668	7	4
79	9	6
798	4	7
2181	3	8
476	9	1
1694	4	3
607	3	4
1672	6	7
2781	9	7
1366	4	7
2153	1	8
718	7	1
1552	7	4
369	9	6
593	3	8
628	4	3
1780	8	7
412	3	8
198	7	9
73	1	6
1160	2	7
1793	4	4
73	1	9
85	9	8
488	1	3
2631	2	4
254	10	4
1251	4	3
157	8	10
2172	7	7
90	9	2
413	10	1
7908	1	6
712	7	4
257	7	10
429	10	8
1416	3	6
134	9	8
1490	2	10
1382	7	2
562	3	10
1470	4	1
443	4	8
1069	3	6
5524	1	4
413	3	4
613	7	4
433	10	1
1264	7	4
999	3	8
75	1	7
980	6	5
1127	8	4
13125	2	2
899	6	9
910	8	2
891	6	2
1087	8	3
563	8	4
72	10	2
294	6	3
467	2	6
580	3	2
159	9	6
352	9	3
1740	7	8
76	1	6
1184	8	3
894	3	7
1052	5	7
544	5	8
910	8	1
1650	2	8
144	1	9
1665	5	3
5190	1	3
1170	1	7
1606	5	2
2254	6	5
1224	7	4
78	3	9
883	2	5
192	3	2
1024	6	4
393	3	8
2820	1	2
1479	6	1
1138	8	3
791	8	10
1810	5	5
103	4	9
14856	2	2
818	6	7
1239	7	3
744	5	7
514	10	4
1097	3	9
676	7	5
101	4	9
1427	2	10
910	3	4
1116	5	3
899	9	9
429	10	6
166	8	5
4787	10	9
1063	5	6
1160	2	8
280	6	10
149	9	8
1164	8	7
3383	8	4
1139	7	1
672	4	2
194	5	9
4641	6	6
303	10	7
264	8	7
1119	5	2
584	4	5
1067	6	3
1233	5	7
326	10	10
562	5	10
246	8	9
32	1	10
832	4	6
1697	8	3
373	9	9
826	6	2
1420	8	3
1700	2	3
5486	6	3
471	3	2
5234	1	4
658	8	5
82	9	6
50	9	8
1430	8	2
357	3	10
186	8	9
1401	5	2
1219	8	2
839	6	3
1698	7	5
2362	8	6
87	10	3
116	9	4
400	10	2
1855	5	6
75	3	9
820	4	1
703	4	3
1591	2	6
1242	6	8
168	6	1
2294	2	5
1279	2	8
413	9	6
1274	3	8
1200	8	6
1142	3	5
395	3	7
499	6	10
1864	5	6
4258	6	6
1225	3	7
1555	2	10
590	4	2
2386	7	3
1146	8	6
1735	5	1
6662	1	1
336	7	10
67	10	1
895	5	7
288	7	5
495	9	4
1499	2	7
76	10	6
89	9	6
999	6	1
1986	2	7
596	7	1
106	4	10
104	9	4
11573	4	2
1618	3	5
95	9	3
1319	2	4
299	9	8
58	9	8
18657	1	2
489	9	6
241	6	1
1221	7	7
949	5	2
96	1	10
1297	6	7
968	5	6
1165	9	2
341	10	3
970	6	4
688	6	3
135	9	6
79	2	4
718	5	6
69	1	4
445	10	6
1005	2	10
74	10	4
3747	6	6
1904	3	3
2662	3	4
988	10	7
1039	3	3
2752	4	5
1127	7	3
1842	3	3
801	7	4
238	5	9
74	1	4
2834	10	10
1456	1	10
1594	2	6
965	7	1
487	7	9
103	10	7
534	1	2
195	8	10
2184	6	8
107	4	9
423	10	6
2153	4	8
1957	8	8
72	1	4
252	3	9
82	1	7
91	1	7
77	1	2
1682	2	8
1054	8	4
522	8	4
735	4	9
228	5	10
87	5	9
1173	6	1
738	7	4
1156	5	8
316	9	10
658	10	6
76	1	2
371	9	8
1113	7	3
1223	8	2
3296	6	6
1121	7	6
878	8	3
1617	6	2
336	10	6
79	9	2
196	5	9
390	10	8
1399	2	7
1016	2	6
13321	1	1
822	8	3
1432	2	1
458	8	9
77	1	4
1429	2	6
1046	4	10
741	10	9
253	10	8
1484	2	8
379	8	9
851	6	7
530	4	10
419	10	3
1594	4	4
499	5	7
565	8	1
514	7	1
371	10	8
1328	4	5
1115	3	7
146	5	9
1829	3	3
13690	2	2
1302	7	5
186	9	4
510	7	10
545	8	2
396	9	1
1542	7	5
1307	3	2
130	8	9
240	8	9
3535	6	6
403	5	2
74	1	5
1061	6	4
197	8	9
412	5	1
77	1	7
622	7	4
1734	5	4
3345	6	6
320	9	7
423	9	7
1379	8	5
781	5	7
1394	7	4
1691	3	5
303	10	9
615	6	10
4485	6	6
763	6	4
376	9	9
3787	6	6
623	6	3
99	9	1
1776	2	10
389	9	8
373	10	10
190	5	3
498	4	3
1562	4	7
1412	4	1
1554	7	4
1217	3	2
236	9	6
204	5	10
1220	4	3
912	7	5
136	10	9
1530	7	5
1427	6	5
1563	2	8
90	9	2
1704	7	8
926	4	5
1020	8	6
84	8	10
852	6	9
998	7	5
529	9	7
915	10	10
79	3	9
1139	8	6
2613	3	1
141	1	9
1482	2	3
1116	4	8
1271	7	5
314	3	10
720	4	10
164	8	9
355	9	6
1138	7	2
946	6	8
1731	2	8
2774	2	5
175	10	6
416	10	8
241	6	2
1307	5	2
1307	3	8
1119	8	6
440	5	8
119	10	4
1985	6	5
1304	4	3
838	7	4
96	10	3
4471	2	1
497	6	7
3077	4	6
536	10	7
2014	4	2
96	9	8
1584	2	6
2314	7	6
289	7	9
2055	5	5
3702	6	6
1175	3	5
85	5	6
358	7	9
501	4	5
971	4	5
1325	5	2
511	7	2
1076	2	9
362	10	7
462	10	5
6960	10	4
412	9	8
1735	4	3
3169	2	1
73	1	9
79	1	6
506	9	5
139	1	6
976	3	7
929	9	9
72	1	10
272	6	4
70	10	2
271	4	9
1906	2	1
1374	5	4
1767	4	7
1344	4	2
105	9	3
2970	5	3
1351	4	6
1174	2	3
1038	4	1
73	1	6
69	6	10
1011	8	3
75	8	9
71	6	10
1004	3	1
2509	9	7
2134	5	5
93	9	3
1859	7	7
72	10	3
1869	8	6
1433	7	3
466	10	10
1645	2	5
290	7	10
525	5	9
1231	3	8
243	4	10
620	5	1
492	4	9
2987	8	1
1070	6	9
345	4	8
377	10	6
61	1	6
780	5	2
194	5	4
452	7	3
74	1	10
1608	2	6
380	8	10
708	3	2
73	10	6
689	6	3
1551	4	4
1424	8	7
280	3	6
1614	2	3
1983	8	8
441	7	8
813	3	2
397	3	10
260	9	3
1835	4	8
1566	5	7
1571	2	4
1621	5	5
240	7	9
456	9	5
396	9	1
1320	4	1
932	4	1
861	7	2
449	9	6
269	8	2
1032	4	3
1829	5	4
1391	5	8
1144	2	9
1478	8	5
582	7	9
1685	5	8
2798	6	4
1286	6	4
69	6	3
683	4	7
1194	5	3
1913	5	5
2621	5	8
1473	6	8
78	2	10
133	7	9
1191	3	7
1606	2	6
1103	6	2
717	9	9
697	10	9
1233	2	3
938	9	9
1225	6	8
910	5	4
146	9	5
729	9	9
1680	7	4
244	10	8
132	1	10
712	6	4
135	1	10
3336	10	10
280	9	2
1057	2	6
617	7	4
74	1	7
81	9	7
1081	8	7
565	5	8
752	10	9
1436	2	9
963	3	8
121	8	10
721	9	2
1702	3	3
1413	6	2
2550	9	2
974	8	6
101	10	7
1173	2	8
277	10	3
1532	5	4
1559	4	4
2467	6	4
208	10	4
1846	6	4
630	5	3
76	6	10
2161	6	5
480	5	9
1450	5	4
1207	7	3
903	9	9
257	10	5
1540	2	10
1189	5	7
1776	3	3
1077	3	5
71	10	4
76	1	3
74	10	2
454	10	6
1215	5	1
320	9	3
180	10	9
1402	7	7
379	4	9
887	8	5
997	5	8
1412	2	9
1323	3	5
375	5	8
157	10	1
1461	7	3
3497	2	1
920	5	3
1021	5	3
96	9	4
74	1	9
800	3	7
107	10	3
1602	5	1
364	9	2
551	3	2
330	6	10
3542	8	7
1302	8	7
275	7	9
924	3	7
1729	4	1
877	6	4
967	7	2
1140	3	8
427	10	2
70	6	10
1142	7	5
300	5	9
77	1	2
69	10	7
70	6	9
95	9	7
1443	8	5
130	5	9
1570	2	9
921	8	2
352	8	9
95	10	4
650	3	9
4398	8	8
136	9	6
1118	7	2
933	10	10
117	4	9
1639	5	4
962	4	1
827	7	9
3299	6	6
372	10	7
1658	4	5
73	1	8
715	9	10
1877	8	7
97	9	2
1096	2	7
377	8	10
1278	4	1
151	9	2
1984	7	8
1050	2	4
30210	1	1
22815	1	2
445	7	10
76	1	7
355	10	7
797	2	9
97	10	6
1298	6	8
805	8	9
1833	6	1
1205	3	6
1391	1	5
329	3	8
164	4	6
477	8	3
99	9	5
325	9	1
807	3	1
324	9	9
367	7	6
1154	2	9
876	6	8
462	9	3
631	5	6
369	6	9
2527	5	5
1158	6	9
1097	4	3
151	10	1
1513	2	1
1652	2	3
979	1	7
103	10	6
211	9	8
1269	3	2
1529	5	6
9607	1	1
964	5	7
548	5	3
1010	2	9
160	8	9
1103	8	4
1379	4	10
69	6	3
1505	3	3
148	8	9
1164	8	4
685	8	5
1624	5	5
1859	7	7
1817	6	1
1205	3	2
1043	2	10
157	5	10
792	5	6
1447	7	5
75	9	4
1540	2	3
110	3	6
312	9	2
1035	6	2
1384	2	5
73	1	5
3619	6	6
56	6	4
494	5	4
427	3	8
3558	6	6
99	10	4
2825	9	10
1660	4	3
3458	6	6
409	9	10
13281	2	2
1168	5	3
388	9	3
69	6	9
343	10	6
3388	1	1
317	10	10
368	10	10
563	1	3
1449	1	2
677	3	8
253	4	9
1020	2	4
234	1	8
1499	3	6
1398	6	8
749	4	5
1519	3	2
1035	2	4
543	7	9
1369	1	6
2998	2	9
481	10	4
4019	7	7
1154	2	8
15677	1	1
1153	8	4
7457	9	7
79	1	8
1796	8	8
1472	2	1
75	2	6
8730	1	8
1324	7	7
572	4	2
67	4	10
100	4	9
1116	2	6
880	2	4
660	5	7
427	3	7
1726	3	3
1395	4	8
75	1	8
77	1	5
2255	2	8
71	6	9
1679	5	4
1438	7	8
89	9	8
559	10	2
1314	7	6
848	7	2
435	10	10
144	1	9
172	3	9
1004	4	8
1163	8	2
1220	4	8
22761	1	4
1372	3	4
71	6	9
3415	2	7
126	4	9
1316	2	4
257	6	3
758	8	3
957	5	8
99	7	5
1560	5	5
2044	5	5
302	9	1
76	1	5
607	4	6
912	4	9
1193	8	4
76	1	9
1132	7	6
1798	8	7
698	6	2
1406	7	2
1068	2	5
98	9	5
1611	3	8
1681	8	7
1319	8	3
1480	7	1
1961	3	3
2910	9	9
1110	4	4
155	8	9
159	4	9
1034	8	1
969	6	3
717	3	2
881	6	3
430	10	3
678	4	10
1500	6	7
1317	8	5
1027	6	7
1270	3	2
1190	8	2
13742	2	2
458	7	10
1087	4	9
1014	4	8
2285	8	5
1107	2	3
1249	6	7
1220	2	8
24887	1	7
830	2	7
1127	2	5
870	6	8
356	9	6
1054	2	7
794	6	2
6649	6	6
1388	5	3
4817	10	10
843	8	3
2260	5	2
2873	1	2
93	10	8
439	10	8
1173	2	10
559	10	4
553	4	10
536	8	2
124	8	10
1533	3	7
239	5	10
13793	2	2
1263	4	8
418	7	9
1183	5	3
5843	1	7
358	9	8
558	6	10
1064	5	7
13580	2	2
867	4	8
97	7	4
1049	4	8
1466	7	7
345	10	1
1880	3	1
617	10	9
1870	7	6
2040	2	10
86	10	5
2157	5	5
1172	2	7
990	4	5
405	1	8
1679	7	1
2039	2	3
296	10	7
488	9	9
3315	6	6
1261	3	6
68	1	8
1187	5	1
1117	7	5
888	5	8
901	6	3
288	6	2
392	6	8
515	7	1
417	6	9
75	1	7
1418	8	5
1217	2	9
779	10	10
1168	3	8
185	8	1
372	6	8
134	9	5
3881	6	6
579	3	10
403	9	4
1527	3	8
533	10	8
1843	2	7
1250	3	1
632	7	2
250	10	9
1279	4	3
3346	6	6
1938	5	5
1973	5	2
1485	8	6
409	9	4
799	8	5
726	9	10
463	10	3
2888	6	6
317	1	10
2916	6	7
1223	8	4
1445	5	2
1278	5	1
574	9	3
1515	10	7
1845	4	6
828	3	5
1054	10	10
1019	8	6
345	9	6
1025	3	3
707	4	4
1423	8	5
405	10	3
283	10	8
774	7	9
1083	1	10
925	10	9
123	7	10
178	7	10
1600	8	3
374	8	7
72	6	9
365	10	6
1220	3	7
1456	2	4
1155	2	9
361	6	4
5407	1	8
238	4	6
83	9	7
1652	2	4
1875	6	10
1887	3	8
681	10	10
114	4	9
1130	2	3
1179	4	7
397	10	5
13921	2	2
14423	2	2
409	7	5
232	10	9
1502	2	5
985	6	2
1462	8	3
929	5	5
1034	4	8
1393	6	5
875	3	5
1170	3	5
1201	6	7
367	10	3
138	10	7
2044	5	8
4635	6	6
92	9	5
128	4	9
162	1	8
13783	2	2
773	6	1
10371	7	7
243	7	9
970	5	1
1650	2	1
437	10	1
1017	5	1
983	6	1
82	5	9
1838	7	6
76	1	4
1374	5	8
2183	4	6
355	9	2
69	6	9
1575	2	9
20	1	9
301	10	10
1202	7	3
1266	2	3
1119	3	7
266	3	2
470	10	3
2199	7	7
1467	8	2
190	3	2
1541	3	8
75	1	3
13854	2	2
1342	6	8
582	10	4
1489	7	4
1671	3	3
774	5	4
250	7	9
464	6	9
516	4	7
3265	2	3
75	4	9
1071	5	4
884	3	5
1367	4	3
1842	3	3
374	9	2
720	10	9
1111	2	9
91	10	2
362	10	8
467	9	8
160	7	10
191	4	2
1608	10	9
328	9	7
59	9	5
1540	4	5
1026	7	9
3205	1	1
1239	3	7
584	3	1
74	1	8
1029	4	1
1153	2	1
1178	8	5
13316	2	2
3621	2	5
1484	6	7
1059	10	2
2158	5	5
687	10	9
1083	8	3
1199	2	1
369	9	1
29658	1	1
150	9	10
102	6	10
2780	2	1
334	10	4
1348	4	1
859	3	4
1163	3	4
770	6	5
3665	1	1
574	5	3
101	9	1
2048	8	4
929	4	9
381	9	1
2924	5	4
1147	6	8
112	7	9
1472	2	4
417	10	8
218	1	7
733	6	8
90	9	3
2977	2	7
1131	8	3
127	10	6
135	9	4
1566	2	1
761	7	10
618	3	6
478	8	10
1095	2	8
1160	10	10
150	5	10
159	9	1
145	8	9
1260	4	7
753	6	3
467	9	3
597	8	5
534	9	10
354	10	6
1606	2	10
1322	6	3
551	7	2
1753	2	4
1106	7	3
894	9	9
453	3	8
392	10	10
631	6	4
2109	4	5
506	4	3
1257	8	2
322	10	10
101	1	7
1369	8	3
391	9	8
75	1	4
73	1	8
1039	8	7
362	10	4
203	10	9
15110	2	2
1907	4	4
554	5	9
955	8	4
1613	7	6
3339	2	1
1120	6	8
1066	10	7
346	10	3
610	10	7
77	10	5
1540	5	6
82	5	10
76	1	9
507	6	2
1392	7	6
765	7	5
366	9	8
1522	6	1
1747	7	7
1340	5	8
2393	4	4
2134	2	1
2098	5	3
74	2	5
357	9	2
1872	2	3
1338	3	1
13067	2	2
72	6	10
8904	1	1
322	4	9
1493	5	2
306	2	5
1106	2	9
10392	2	8
1586	3	3
1788	7	9
1057	2	4
118	9	8
1540	7	6
765	9	10
190	10	3
720	6	10
1497	4	6
1720	1	5
1575	8	5
119	9	4
2095	5	8
1830	8	7
886	3	8
343	10	2
1338	6	5
2313	5	5
242	10	9
717	10	9
83	9	8
678	3	8
1492	2	9
373	9	1
1495	7	5
80	3	9
824	6	2
1591	5	2
299	9	7
248	9	8
1334	3	7
1489	4	1
1601	7	5
365	5	10
72	10	5
101	7	9
1211	5	6
386	7	2
136	10	4
274	5	9
486	10	2
383	10	7
1052	8	3
2291	9	1
2023	3	2
1759	7	8
1179	2	9
887	3	1
452	8	10
1468	5	3
416	5	2
1638	2	8
763	9	10
417	9	5
1464	6	8
3857	3	5
1426	8	6
1455	7	8
1451	8	7
1668	3	1
1170	3	4
1242	4	8
83	10	1
920	7	4
71	6	10
228	9	8
1260	3	7
65	9	5
1345	3	8
330	10	4
1117	8	3
1567	4	1
1628	7	3
136	1	6
1660	6	7
862	4	10
794	8	9
1550	4	7
861	3	8
1741	5	2
1113	2	3
342	9	3
943	4	7
320	10	4
3823	6	6
1424	7	5
975	7	4
348	7	6
915	3	8
1447	4	1
3621	2	1
147	9	10
11836	2	2
1539	5	7
1738	8	8
299	10	7
146	5	10
794	4	4
1004	3	1
1160	2	7
1186	2	5
1544	6	10
246	1	5
4070	2	1
1950	8	7
716	4	8
614	4	6
356	9	9
1109	3	7
239	10	4
1991	5	1
442	3	2
101	7	9
3501	3	2
1034	2	10
171	3	9
4467	8	8
420	9	6
212	8	9
217	10	7
1496	2	6
7662	2	5
999	8	3
73	6	1
161	1	8
1986	8	4
1320	2	7
79	1	8
141	10	2
1410	2	7
699	8	1
1376	5	4
812	3	8
946	4	7
1464	3	1
112	9	6
80	2	9
2150	4	4
1270	5	7
1171	8	3
107	9	8
1465	8	5
692	4	10
2214	4	7
1402	4	6
1840	5	5
78	3	9
5663	5	2
368	9	5
1374	2	6
2306	2	8
2039	4	2
94	10	6
539	5	9
1164	8	1
3220	2	1
1068	3	1
809	10	9
3633	7	2
764	9	10
1446	7	2
1167	2	10
363	10	8
936	4	7
1029	5	3
367	10	10
1439	1	3
79	2	8
77	1	10
502	6	9
10943	1	1
2358	2	1
1120	2	7
1941	7	7
913	6	1
1071	2	8
152	5	9
986	2	5
1277	5	3
184	9	4
948	3	3
14147	2	2
3394	6	6
1315	4	6
986	8	5
1748	5	4
376	10	6
241	6	1
92	1	6
2582	10	1
76	3	9
637	3	1
1169	4	6
2875	8	1
76	1	2
1629	2	5
991	9	9
3228	6	6
78	9	4
1412	5	1
462	6	5
1014	6	7
262	7	2
1288	4	7
1459	8	4
1090	2	9
68	9	6
396	9	3
113	10	4
364	9	4
1889	3	3
1022	8	3
1232	6	4
371	7	9
1101	3	5
464	8	10
77	9	5
314	4	7
227	9	8
931	9	9
782	6	8
1438	2	3
1285	5	7
113	4	9
1121	3	4
866	5	2
951	8	7
917	4	9
1752	2	5
293	10	8
1633	3	1
523	9	9
377	9	5
1112	2	9
778	3	7
190	5	9
1361	4	5
4693	8	10
13666	1	1
1439	2	6
2014	6	7
2915	6	2
1963	4	5
2502	6	6
290	2	8
1436	7	1
1036	5	3
940	7	6
1710	3	3
69	6	9
1345	4	8
132	1	2
1577	4	6
1328	4	7
774	6	4
1222	2	6
4654	9	1
1702	7	5
874	3	1
770	3	8
1533	5	2
325	10	4
889	5	7
1014	2	9
787	10	9
1032	2	6
67	6	10
367	10	10
470	5	6
832	5	1
376	8	10
128	7	10
1109	8	7
1448	3	5
405	3	6
1147	2	8
761	8	7
443	5	2
96	3	7
1366	3	2
2010	4	1
497	5	9
67	4	9
528	5	6
1878	6	8
80	5	9
321	10	2
1839	7	7
394	8	9
754	10	9
2194	7	4
1196	3	8
141	5	9
2262	8	8
327	7	10
279	7	9
92	9	6
234	4	1
10454	2	5
380	9	4
465	10	2
1136	6	4
1358	8	1
931	7	4
441	10	8
2015	2	7
2353	2	8
688	6	10
451	5	10
1069	7	2
344	10	1
1055	2	8
1227	8	3
1918	7	4
1488	3	3
197	4	10
310	9	5
599	10	1
797	8	9
1484	1	9
1040	4	2
2049	3	1
730	6	9
1628	7	6
521	10	6
3940	2	5
159	8	3
1152	6	7
869	8	1
740	5	10
402	10	5
1013	2	10
410	8	4
1204	6	1
97	7	9
441	9	3
950	10	10
1219	8	7
1503	4	6
1656	5	8
139	10	3
1201	4	8
1700	1	3
1209	5	6
10330	1	7
3137	1	1
1199	5	7
1105	7	2
103	10	3
787	8	6
1318	2	3
1213	5	5
150	4	7
1237	3	4
421	5	7
817	6	8
1140	8	5
411	9	8
466	8	9
1175	3	1
771	5	7
313	9	2
98	7	10
1251	4	3
80	1	4
922	3	7
1528	2	4
113	9	10
1426	7	6
1209	7	5
1113	4	1
2219	5	6
1068	6	5
16198	1	7
1225	5	4
1570	2	5
136	9	8
704	4	6
356	9	4
1018	4	7
1390	6	8
1278	9	9
1143	2	9
1407	8	1
1515	8	7
76	1	9
1710	1	4
1223	4	10
869	7	6
137	1	3
83	9	7
74	1	6
165	5	10
1579	3	2
83	9	6
1612	2	7
1085	1	7
78	1	3
2630	1	2
1112	2	10
254	7	9
1021	4	6
820	6	4
970	4	3
648	3	1
1523	3	3
819	4	5
176	7	9
1528	5	4
1617	1	7
388	9	6
1721	7	6
92	10	5
2088	2	7
668	6	3
71	6	10
1490	4	5
1516	1	5
1119	2	9
12991	1	2
114	4	9
839	4	8
836	8	9
1162	4	7
1311	8	4
419	9	3
1215	8	1
1533	2	5
1896	4	5
2178	2	1
1301	8	2
1182	2	5
575	5	1
513	7	10
100	4	10
576	7	10
403	10	10
96	9	5
473	3	10
337	9	5
1820	8	2
1354	5	4
340	10	8
958	4	5
5104	5	6
82	10	3
2191	7	8
140	10	5
1191	2	5
1199	4	3
1024	4	2
885	8	7
1857	5	1
76	1	9
1202	6	4
2179	3	6
292	7	9
766	4	7
1332	7	1
1134	3	2
3372	6	6
73	1	4
2036	7	6
1187	2	5
107	6	7
707	3	4
1393	5	7
1808	5	1
737	4	1
695	10	9
1449	7	3
388	6	3
463	10	1
438	10	5
1007	4	5
2243	8	8
2547	10	10
2175	3	3
1755	6	3
1301	4	7
382	9	8
671	6	2
2205	8	3
75	1	4
441	10	8
1232	6	3
47	1	2
73	3	10
3422	9	9
1860	9	9
1460	3	8
258	3	8
275	1	4
2631	6	7
168	9	4
302	9	4
776	9	10
327	10	1
766	3	2
2225	8	7
546	4	1
959	4	2
390	9	1
71	1	9
1296	5	8
374	9	2
695	8	4
1350	2	6
670	6	8
91	9	1
634	8	3
1244	6	2
163	5	9
1509	7	10
230	1	4
1616	4	6
1231	8	4
71	3	9
70	6	9
69	6	9
1657	1	7
1484	8	2
656	3	5
544	6	8
1189	2	4
1522	6	5
1566	9	9
216	1	3
102	7	9
1711	2	8
1402	2	5
413	10	2
75	1	5
2157	2	4
2167	7	5
1037	2	9
144	10	7
1367	2	5
595	3	6
221	6	9
821	3	9
1506	6	7
2522	10	1
152	5	8
1657	8	7
1100	6	7
575	8	1
1293	5	1
1786	5	1
452	10	4
665	3	9
351	10	3
1411	2	9
1273	3	1
2307	7	7
3301	2	6
602	3	10
474	9	1
1689	6	5
1107	1	2
2135	8	8
75	1	2
497	9	8
387	4	6
310	1	5
1068	2	9
1879	3	3
2111	3	3
970	8	6
300	9	3
54	9	5
1283	6	1
925	8	3
845	6	4
1235	8	2
286	10	1
726	10	9
1952	5	3
1187	2	9
315	8	10
124	9	6
975	6	1
337	8	6
121	4	3
758	6	2
65	6	4
71	9	5
968	7	6
1505	7	2
1260	4	1
117	9	5
72	1	8
996	7	2
74	1	2
187	9	10
3364	6	5
679	8	2
440	10	6
386	9	7
1189	5	3
1308	4	2
1979	8	8
1307	3	6
247	8	3
1162	5	3
1090	2	8
1760	6	4
1044	3	5
1045	2	9
68	6	9
1255	6	2
3026	6	6
2955	7	8
72	1	10
399	10	5
2007	5	5
6395	1	8
143	5	9
3282	10	10
385	10	2
195	7	9
1193	3	8
1924	2	4
1525	8	7
912	7	8
982	7	5
2895	8	8
2460	5	5
1184	3	1
1183	7	3
1502	7	7
1666	5	4
372	10	6
273	7	9
1094	8	5
10881	1	1
2814	2	1
945	6	3
883	7	5
1467	8	9
192	9	6
206	3	7
288	10	6
59	1	3
677	6	9
106	9	7
791	8	4
1450	3	1
93	9	7
156	10	9
1497	8	1
1520	3	8
1807	5	1
89	9	8
131	10	4
1154	5	6
1518	7	8
390	8	6
1456	8	5
1128	8	7
1863	3	1
872	5	3
79	1	7
1155	2	9
372	8	4
449	9	9
351	10	4
2030	5	5
1328	5	8
755	6	8
128	7	10
442	10	8
101	9	3
479	6	5
989	5	2
1528	2	8
380	10	4
1385	5	2
1203	3	5
1144	5	8
434	3	10
2062	5	5
4960	6	6
1477	2	4
1106	2	3
78	1	5
1629	4	4
1470	3	8
71	8	10
1764	7	7
1336	4	7
607	5	3
649	10	6
1603	4	2
380	10	8
1605	5	8
297	10	8
1630	7	8
213	4	3
67	1	4
1401	5	1
68	4	10
846	5	6
1285	1	10
398	9	6
413	7	9
1618	2	6
815	4	7
1088	7	3
1204	8	4
2289	3	3
467	5	3
837	8	10
1753	4	4
1154	2	6
677	5	1
1381	3	6
757	5	2
1668	8	4
1457	2	3
363	3	7
76	1	8
971	7	3
193	10	1
843	4	9
333	10	6
119	7	3
494	6	10
1493	6	5
11763	1	5
1755	2	6
384	10	3
1527	4	8
75	1	3
988	8	2
748	3	5
1163	3	7
390	3	2
1200	4	7
1197	2	9
1541	2	4
491	10	4
1729	2	9
387	10	1
1153	7	5
1643	3	8
1019	3	10
1506	6	2
1309	8	4
772	9	10
151	5	10
1041	8	5
706	4	2
1439	3	5
444	4	6
1462	5	4
23962	1	1
485	8	10
463	10	6
381	7	3
1509	4	7
1009	6	4
481	8	10
1157	2	5
68	6	10
2093	8	8
3353	8	8
1543	5	7
137	8	10
324	5	3
1412	3	7
1070	7	5
90	10	2
227	1	4
1911	7	8
1552	8	6
1895	5	3
1041	4	4
719	7	2
200	10	9
279	5	7
1439	8	1
1167	3	3
1209	6	2
1567	6	1
329	9	7
73	10	4
73	1	10
398	9	6
1475	8	8
71	10	6
1052	6	3
1479	3	3
966	10	10
1837	4	4
316	9	8
708	3	1
822	3	8
75	1	3
950	6	7
144	8	5
1213	8	2
428	4	10
143	5	9
364	5	6
1488	2	6
1418	2	6
353	8	5
405	9	5
1243	7	5
1898	2	3
8851	1	6
1179	6	4
12346	1	1
83	1	5
2418	8	2
1638	4	1
127	4	9
104	10	5
1234	5	1
36462	1	6
1838	6	8
788	9	10
79	1	5
1159	7	6
1273	2	9
576	7	9
75	10	4
775	8	2
1272	7	5
984	7	3
1874	4	3
3973	6	6
359	9	6
1298	8	2
427	10	6
1066	3	9
635	5	10
1707	6	5
1350	8	8
1441	5	4
2221	7	7
896	3	2
1830	3	3
316	9	7
994	4	7
406	9	8
1415	8	1
372	9	5
327	9	4
106	10	7
600	7	2
256	4	10
69	10	5
1095	2	6
102	7	9
961	5	9
896	2	7
196	8	4
1078	7	3
823	7	5
1224	4	5
140	1	7
887	5	1
833	2	3
1481	5	8
2859	10	9
1558	3	7
1732	7	8
370	9	7
76	9	1
12527	2	2
766	10	9
71	6	10
2330	8	8
707	4	8
684	6	4
1771	5	6
283	5	2
296	10	7
1095	3	5
2104	2	5
772	5	10
70	1	3
1911	2	7
428	9	7
1221	5	2
79	5	10
72	9	2
113	4	9
201	9	10
370	10	6
1943	7	7
222	10	6
1297	4	2
808	3	4
690	4	6
363	3	4
95	7	10
628	8	5
1430	2	5
210	7	5
1632	3	3
173	8	1
419	4	10
98	9	5
933	8	1
94	10	8
824	3	6
1326	5	6
1512	4	2
978	4	5
69	6	2
2680	2	1
72	1	2
1075	2	5
623	3	7
2284	4	4
644	6	1
775	6	9
72	6	8
210	7	1
1341	3	4
905	4	10
391	9	3
3915	7	8
3210	2	1
250	1	9
1825	8	7
251	9	8
1788	3	3
1019	7	5
1457	5	7
1602	2	3
2905	6	6
13706	2	2
113	4	9
1083	2	6
2662	2	5
1245	6	8
1810	7	4
1360	3	6
1129	4	3
1194	4	5
1497	6	8
412	6	10
696	3	7
1686	8	4
12043	2	2
1519	8	4
72	6	10
455	9	2
1907	8	5
887	6	8
1550	8	3
1547	2	8
116	7	6
14419	2	2
150	5	10
134	1	2
805	7	5
287	9	9
1443	6	2
162	8	10
1369	5	7
1700	5	5
127	3	9
410	10	10
91	9	2
67	1	6
1933	7	5
1443	5	5
508	4	2
1893	6	10
878	6	4
2138	3	8
1075	5	2
1430	5	8
103	7	10
128	9	2
409	10	8
258	1	9
1302	1	8
1196	4	4
486	5	2
91	1	8
260	7	9
94	9	3
72	6	10
814	8	9
101	7	10
1305	3	5
660	10	10
801	7	8
706	6	2
480	3	9
656	4	6
363	7	9
2014	6	5
2272	5	1
1213	8	8
1955	8	8
1004	5	2
306	7	9
1119	3	8
71	6	9
1132	4	7
137	8	9
395	9	2
243	7	9
534	7	4
849	4	10
837	2	9
3278	6	6
1933	8	1
1087	3	4
1339	7	3
1646	4	6
766	10	9
223	10	6
67	6	9
1199	2	3
1251	2	7
1999	5	5
984	10	10
1347	7	2
78	5	10
1231	5	3
842	2	5
1927	6	4
1785	4	6
533	3	4
498	5	2
760	4	2
26070	1	2
893	5	6
173	8	9
1779	5	4
1900	7	7
1938	5	5
1224	4	3
73	1	8
1722	7	6
719	9	9
1140	3	2
74	1	9
400	9	7
416	10	6
1463	3	4
1613	2	3
275	10	9
76	3	9
2117	3	6
613	4	10
3937	8	7
391	10	3
208	5	9
545	10	6
387	10	6
469	10	4
1601	6	4
67	6	10
1170	2	9
10725	4	2
533	8	2
189	9	6
514	6	2
1155	8	4
276	5	10
2044	4	4
2257	2	7
692	10	8
5207	7	8
1151	2	5
280	8	10
330	10	7
466	8	10
222	6	4
370	9	3
1883	3	3
1619	4	7
982	10	10
1193	5	2
1508	8	4
368	10	10
1380	5	3
371	3	9
1599	4	4
297	5	1
1620	2	8
91	9	6
77	9	4
436	10	9
87	10	3
70	6	9
207	10	7
846	7	3
1840	5	6
1486	5	8
1115	4	5
503	6	9
1137	5	4
127	4	9
598	3	5
450	10	5
213	10	3
1496	8	8
81	5	10
490	3	7
780	9	10
752	9	10
1244	7	2
925	4	1
2318	7	8
383	10	7
850	5	3
2091	8	8
986	8	3
83	9	5
8357	3	2
1706	6	8
69	8	10
1390	5	6
1698	5	4
1158	6	4
1710	4	3
1469	2	10
473	8	10
465	3	10
1374	3	1
1272	5	4
510	3	10
2213	6	1
916	9	9
2052	8	5
1314	4	7
80	4	9
143	4	10
618	8	1
186	7	9
1843	5	1
459	10	7
192	9	3
84	5	9
1575	8	4
1141	7	5
989	7	3
375	10	3
1168	7	2
527	10	6
1174	5	7
822	8	2
95	7	10
1750	5	6
141	2	7
1184	6	4
1941	7	8
428	5	1
794	8	6
700	9	10
97	7	9
1809	7	8
78	2	4
484	3	1
1309	5	4
1078	5	2
989	7	4
13894	2	2
944	8	1
1000	2	3
76	2	7
72	3	9
435	8	10
4624	6	5
1668	5	4
545	6	3
3110	2	1
70	6	4
94	10	3
244	6	10
875	4	10
265	10	2
1221	8	6
950	7	5
142	4	3
948	5	3
985	3	2
344	3	10
1612	5	2
130	9	7
229	9	3
1134	2	9
1564	7	4
13911	2	2
147	10	5
1205	6	3
12930	1	5
925	4	4
189	9	4
1210	8	1
92	1	2
1175	7	2
1308	8	4
1291	5	1
1648	7	5
1242	5	8
961	7	2
419	10	4
397	9	3
1543	7	7
1818	4	8
1120	5	5
1661	4	5
74	1	8
34219	1	6
231	9	6
1645	8	7
1191	2	1
1996	8	6
1146	4	5
1229	7	8
1419	4	1
2463	5	6
844	5	5
567	5	9
2090	2	10
1000	6	2
80	1	7
2027	7	7
263	5	8
419	9	3
76	9	3
3417	5	4
71	1	3
369	10	4
1360	8	5
309	9	4
1147	4	8
270	7	10
373	10	3
890	6	3
96	1	2
2907	3	1
838	6	9
688	8	3
375	10	4
1173	2	3
4655	2	5
1018	3	6
1333	6	8
71	1	2
740	9	10
2119	8	8
129	7	10
951	3	8
1266	6	4
317	7	10
362	3	9
592	6	7
1806	3	3
87	1	6
1110	8	3
991	8	2
1193	1	10
1504	6	3
117	10	6
1623	6	7
544	5	7
1921	5	4
1747	3	2
1024	3	1
889	8	6
71	8	10
285	10	8
381	10	6
1656	8	3
1282	8	5
1285	8	3
76	1	9
3635	8	5
83	3	10
139	5	9
1122	5	6
1191	7	7
1558	2	4
3290	6	6
12108	10	9
2459	5	3
739	3	9
293	3	8
125	9	10
1097	2	9
187	10	5
1067	7	8
1655	2	6
1823	3	3
59	3	10
472	7	4
828	5	6
1613	2	1
69	6	9
1470	2	6
1951	4	4
3193	2	4
75	1	10
138	1	2
432	9	7
919	6	3
1057	5	5
195	10	4
63	4	9
2865	2	5
431	9	7
1468	3	3
86	9	4
92	1	8
1814	4	5
3096	8	2
1549	4	1
103	10	5
576	1	10
640	8	1
79	2	3
111	6	1
516	10	1
1815	2	3
801	9	9
1060	6	3
1440	3	8
1989	4	4
411	5	7
429	10	8
2036	4	5
79	5	9
1609	2	8
1005	2	5
1024	2	6
1196	4	4
1076	6	1
1098	2	6
129	7	9
141	1	8
2381	9	6
1455	2	6
2205	7	7
1351	6	3
63	7	9
1406	6	8
1244	4	3
1008	7	4
858	6	3
1115	2	8
1437	5	4
383	8	2
977	4	5
874	2	3
2972	1	6
1433	4	4
103	10	3
375	10	7
51	10	6
1181	7	5
404	9	6
55	7	4
1308	7	4
2261	8	5
164	1	8
380	10	7
1186	6	4
1514	4	4
1606	2	9
355	9	7
2371	3	4
364	10	10
331	9	4
1053	7	3
1061	4	3
1945	5	4
132	1	4
1119	5	7
2888	2	4
1814	4	8
339	9	2
674	9	3
1652	7	6
910	6	7
1848	2	3
792	4	3
359	1	8
1808	4	5
338	9	8
1262	3	3
75	1	10
1366	5	3
9053	1	1
1155	3	6
1397	3	2
1213	6	2
74	1	4
1196	3	5
835	9	10
955	5	3
1296	6	8
87	9	8
1595	8	3
97	9	8
983	6	5
1305	8	1
1205	7	5
1438	7	1
1545	7	6
186	5	10
1270	3	1
1251	8	2
915	4	2
692	5	9
2273	8	8
335	10	5
826	10	9
1115	2	4
1768	5	4
13555	9	4
336	5	1
214	1	3
461	7	9
326	9	7
428	7	4
1550	2	8
1256	2	5
715	3	5
2202	7	7
215	3	9
735	8	3
157	7	10
1432	2	6
1337	2	5
24929	1	3
516	8	2
1371	4	4
14326	2	2
117	7	10
1919	5	5
1314	3	2
1024	7	6
1776	4	3
2715	8	5
1191	6	5
447	6	5
48	1	9
266	4	2
183	3	1
1034	2	10
1947	4	2
51	1	10
1515	2	6
1032	2	4
1123	5	1
2092	2	6
395	10	1
2003	2	7
592	3	2
1249	4	1
1348	7	8
1041	7	4
3557	6	6
1211	8	3
207	9	10
1399	3	7
412	5	9
1436	3	2
1805	6	3
1067	4	6
511	8	4
589	8	6
1699	5	4
1629	7	7
270	1	8
1159	3	7
1502	6	2
2522	6	1
4035	6	6
1201	4	1
1512	3	2
1209	3	4
91	1	8
962	8	2
962	9	9
111	10	2
624	9	3
1104	7	8
504	10	5
1062	2	7
607	3	8
1963	8	5
934	7	8
76	2	3
1239	6	4
1670	4	4
12417	2	2
2173	5	4
1328	2	3
137	5	10
890	9	9
1028	8	9
410	10	2
460	3	8
72	1	2
745	6	7
148	3	5
495	6	2
444	10	8
995	5	8
1260	5	6
1265	4	1
1146	3	6
150	7	7
1378	6	2
187	10	7
135	1	6
237	3	10
2889	2	7
51	3	9
1534	4	4
1267	3	5
3163	1	1
441	9	7
180	10	6
126	9	2
433	10	7
385	3	10
540	5	3
884	2	5
1520	7	7
1692	4	5
94	3	3
532	8	3
1028	5	1
110	10	7
1075	2	10
72	6	9
1358	5	3
1053	2	6
774	9	10
928	8	3
129	7	9
2009	8	8
497	1	10
1878	8	7
623	3	5
1933	6	7
117	4	10
159	9	7
591	8	2
1009	7	4
2279	9	1
1934	7	6
1263	6	8
689	10	9
1531	5	1
483	10	7
91	3	10
433	9	3
74	9	2
1542	3	5
342	7	9
1287	3	6
1728	7	1
1230	3	7
281	6	9
1644	4	7
187	9	10
1725	6	3
429	9	7
459	6	5
1274	8	1
102	10	6
511	10	6
1395	8	5
283	6	9
1564	5	5
599	10	7
1135	7	8
1120	8	3
91	1	9
1481	2	4
339	3	9
1415	8	4
732	10	9
2106	8	8
84	9	7
730	1	2
79	1	5
1863	4	5
1372	4	6
1028	7	5
1369	1	6
148	4	10
574	1	5
1225	4	3
1705	5	3
122	9	3
707	6	3
2276	3	3
729	10	9
1022	6	9
110	10	3
1602	2	6
2883	2	1
1241	4	1
556	6	8
1320	3	5
1590	6	1
410	9	3
154	10	7
1473	7	4
92	3	9
98	4	9
138	5	10
1725	4	4
186	9	1
1155	4	1
1548	7	6
376	10	6
2199	7	7
1255	3	2
704	10	10
459	9	9
729	7	8
2758	10	10
1243	3	8
166	10	5
46	10	7
1743	5	1
484	3	10
1079	3	8
405	9	7
72	3	9
1448	2	8
905	8	3
2538	6	4
500	7	8
962	10	10
1280	7	7
579	5	10
1212	8	5
2078	5	3
2058	5	5
1512	3	3
1361	4	1
93	9	7
1311	3	5
93	1	10
873	3	2
331	9	8
1863	8	7
582	10	6
298	9	10
79	9	2
4015	4	3
133	10	4
1220	7	4
1267	9	2
920	7	5
1295	6	5
878	4	2
1306	7	4
785	1	3
1267	2	8
976	6	1
702	8	4
180	7	10
1056	3	5
252	6	3
1475	7	8
351	6	9
74	1	9
912	10	10
327	9	4
381	9	4
1456	3	7
950	4	3
1164	4	3
903	7	5
2701	2	1
1535	6	3
1886	3	3
99	9	2
1525	3	7
2121	2	1
1517	5	7
14104	1	1
1264	3	1
313	1	8
441	6	1
415	9	6
2283	7	8
4084	6	10
1292	2	7
599	10	6
342	10	2
12510	6	4
1674	6	1
1078	4	3
1038	5	1
380	1	2
1662	6	2
697	4	3
977	3	9
1278	8	6
73	6	7
1238	8	6
2030	6	5
1178	2	9
1127	2	3
1293	2	3
108	4	9
1273	3	6
441	3	4
53	3	10
1448	2	8
210	4	10
102	7	10
77	1	4
1376	8	1
73	1	10
2691	2	5
13609	2	2
3946	6	6
1163	2	4
665	4	6
799	9	10
176	10	9
140	5	10
570	10	6
274	1	7
93	3	10
1140	4	6
1145	2	8
1022	2	10
1211	6	7
1872	7	7
318	9	7
466	9	3
999	8	4
342	9	2
354	10	1
1137	5	2
399	9	2
81	5	10
1353	3	6
1262	4	7
1215	2	3
1330	8	6
1215	7	5
13827	2	2
2320	7	5
1758	6	5
1812	8	7
427	10	4
204	8	3
1082	3	9
78	2	5
1259	8	6
466	5	10
1921	8	2
2910	2	3
16556	1	1
1229	3	4
1040	3	8
572	5	6
3121	2	8
1749	8	6
355	3	10
2697	3	4
388	9	8
838	6	2
1453	6	2
193	9	6
314	7	2
1107	8	2
1690	5	3
1131	2	8
273	3	6
1252	4	3
1144	3	3
1142	4	3
566	4	2
1779	8	6
1732	2	4
1283	4	6
1305	5	1
912	4	8
911	7	3
361	10	6
1416	5	4
1920	6	7
1011	3	6
1143	5	8
908	5	6
590	4	3
1185	6	4
106	10	7
79	1	4
1994	7	4
1898	5	7
269	6	9
1661	3	8
865	7	3
1286	7	7
1898	6	8
1985	2	3
403	6	8
515	4	7
733	3	2
74	1	6
1185	7	2
1396	3	5
3639	6	6
212	10	8
137	9	8
1378	8	1
831	6	2
541	3	7
953	8	8
213	4	8
1190	4	1
1786	3	3
5657	7	6
1205	2	8
1139	3	4
135	9	4
1066	3	1
556	9	2
1457	2	9
1101	3	4
316	10	6
98	10	6
446	10	2
502	8	4
424	10	7
1585	5	8
887	9	9
1936	7	7
806	6	3
1113	7	1
1056	6	8
1637	5	3
1431	8	3
545	7	10
1377	5	1
1287	7	8
2109	8	8
1058	5	7
545	3	7
702	3	6
108	10	4
65	4	9
1598	2	7
796	3	2
404	9	1
73	1	8
3274	6	5
600	3	10
1088	3	4
1567	8	4
424	10	7
70	6	9
341	10	6
254	5	2
1316	3	8
2140	8	7
1682	5	6
198	6	3
2111	2	6
1543	7	8
712	3	4
509	8	10
83	9	6
2489	6	6
1788	3	5
1485	7	6
1998	7	1
495	10	2
358	9	5
945	4	8
1390	4	6
920	6	9
732	9	10
245	8	9
932	8	5
565	3	8
1290	8	9
1590	8	4
384	10	2
156	10	6
361	10	4
1313	5	7
1059	6	7
2310	5	5
2935	6	6
1468	4	5
1326	6	4
317	10	8
1363	5	1
362	6	5
1009	7	2
102	9	6
915	6	2
379	10	2
1013	7	2
173	10	7
56	10	7
2828	4	4
1383	5	7
991	2	7
1125	8	4
1081	2	5
536	4	1
179	6	3
82	9	5
1491	8	2
75	1	3
1513	3	3
391	2	3
74	1	10
1146	2	4
1430	3	6
429	10	2
1122	5	2
1100	3	1
1464	2	1
445	10	2
971	3	7
150	4	9
710	9	10
435	5	8
426	2	7
786	5	9
142	9	4
72	1	9
1923	6	3
1002	9	10
1127	9	9
76	3	10
1737	5	5
409	9	8
1240	3	7
321	9	6
444	4	10
1465	8	4
392	9	5
1052	3	2
257	8	9
888	9	10
867	4	1
977	4	6
1582	8	4
5814	10	10
1874	4	6
2163	2	5
1773	4	8
1084	6	4
1219	5	6
1350	2	4
187	8	9
775	7	1
1207	6	8
1783	8	4
78	10	2
76	1	5
417	10	5
2121	2	3
665	4	9
76	1	8
1217	3	2
640	3	1
1734	1	10
382	9	4
211	10	9
2077	5	5
504	10	3
244	7	1
1061	8	7
1539	4	6
2450	8	7
1487	3	2
1525	3	10
983	3	5
364	10	6
1213	3	2
134	7	9
1419	4	8
409	10	2
2896	10	1
838	4	4
193	9	5
464	5	8
1118	5	8
72	8	10
978	6	5
1066	6	7
704	8	1
833	6	7
265	6	9
81	9	1
737	4	9
1248	8	5
1501	1	5
1540	6	8
3543	7	2
1016	4	7
796	6	8
1215	7	3
1783	8	2
713	4	3
303	9	5
300	9	2
2635	1	5
101	10	7
62	10	1
357	10	3
617	6	1
1028	4	4
1822	7	8
1168	3	1
1677	3	3
1297	8	1
1397	2	9
761	8	4
396	10	7
1113	5	2
424	9	4
314	6	5
412	10	4
392	3	4
1898	4	4
5080	2	7
1413	7	8
15031	2	2
180	10	2
427	1	8
1303	8	1
1328	7	1
67	6	9
21311	2	2
1265	3	8
2302	3	7
319	10	7
140	8	10
1616	2	3
982	4	2
77	3	9
1903	5	5
76	4	10
1332	1	9
3658	2	4
1571	4	4
1788	3	3
475	9	9
1302	3	4
1523	2	9
3049	7	1
775	3	3
127	7	10
119	4	9
521	3	10
89	1	9
1361	4	4
414	9	7
683	3	8
2032	3	3
197	8	9
88	3	9
350	5	2
1187	4	1
72	6	10
2306	5	4
488	10	8
1440	6	7
1238	8	4
625	4	3
498	6	4
73	1	9
73	1	6
1130	6	7
3943	6	6
1254	3	4
13604	2	2
327	10	10
1550	8	2
430	7	9
595	3	10
931	3	2
93	1	6
139	4	10
3262	3	2
2144	3	3
2629	3	2
292	8	10
771	8	7
884	2	3
1456	4	4
865	7	6
1043	2	9
1201	4	6
954	5	3
102	10	8
2858	3	8
174	8	10
306	8	9
372	5	7
338	4	7
14742	2	2
1570	5	6
1176	7	2
1910	4	5
153	10	9
427	10	2
1079	7	2
1272	2	5
1001	3	4
1240	7	4
1688	2	3
142	9	4
1896	5	4
616	3	6
385	9	6
1130	6	8
2864	10	10
1160	5	3
1433	7	3
1222	4	1
1772	4	4
1329	2	6
5122	1	2
101	10	1
75	1	8
78	1	6
529	6	9
1317	7	8
139	4	10
250	9	10
1328	4	6
155	7	10
121	10	8
1520	4	5
1641	2	6
1620	4	6
298	9	1
75	1	3
98	9	2
1911	7	7
362	9	6
1095	3	2
76	1	10
103	7	9
706	9	7
1076	5	4
99	10	6
146	7	9
1480	6	3
1426	8	5
1220	5	6
77	1	9
646	7	10
1484	8	2
573	4	9
221	6	9
74	1	4
175	5	10
13767	2	2
1389	7	9
1787	8	7
1668	7	2
620	4	7
147	1	7
824	7	10
1708	6	3
1132	2	10
1814	7	1
308	9	3
1641	6	4
676	6	5
3187	6	6
1568	4	5
1172	4	6
2448	2	5
2135	3	5
667	3	3
136	9	3
1205	5	6
1415	2	3
428	10	4
1545	8	2
9718	1	8
327	10	3
1609	5	5
1983	6	2
239	4	10
230	4	6
2433	4	4
261	8	5
1126	6	3
52	3	10
760	5	8
1741	5	5
191	4	9
902	6	9
498	5	9
1653	5	7
783	10	9
75	9	2
435	10	1
733	8	4
766	6	3
2019	7	3
1358	1	9
245	5	3
315	10	5
2515	2	4
92	10	7
144	5	10
13015	2	2
1104	3	6
1213	5	6
72	1	8
1991	4	4
828	5	7
1133	7	1
323	3	2
371	9	9
391	7	3
1404	4	1
2366	2	7
4714	9	9
57	4	10
986	7	1
469	5	6
