9	7
9	8
10	9
11	10
14	6
14	13
15	14
16	14
17	15
18	15
20	19
21	20
30	15
35	34
36	35
37	36
38	37
39	37
40	37
43	42
48	37
48	45
48	46
48	47
51	11
52	22
54	25
59	26
59	42
60	59
61	60
62	10
63	32
69	64
69	65
69	66
70	36
70	67
70	69
71	68
71	70
74	73
76	10
76	49
78	77
80	79
81	80
83	82
84	14
87	72
87	77
89	5
89	56
89	88
90	88
91	89
92	74
95	12
95	27
95	44
95	93
95	94
96	95
98	35
98	41
99	29
99	43
99	58
99	75
99	83
101	99
101	100
102	49
105	32
107	49
108	56
109	71
110	55
110	79
111	77
111	87
112	53
113	73
114	113
116	115
117	109
118	117
119	117
120	53
120	57
121	6
121	52
123	122
124	31
124	93
124	102
124	123
126	12
126	99
130	96
130	114
130	127
130	128
130	129
131	20
131	30
132	27
132	95
136	99
137	26
140	27
140	51
140	132
140	139
141	31
141	103
141	124
141	139
141	140
142	36
142	141
143	36
143	142
144	139
145	97
146	104
147	137
148	15
148	55
149	97
149	112
149	120
150	57
151	139
152	86
152	144
153	57
154	104
154	125
154	147
155	61
155	63
155	154
156	33
156	155
157	154
158	37
158	154
158	155
159	154
160	155
161	30
162	28
164	44
164	163
165	164
166	163
167	28
168	42
168	59
171	78
171	169
171	170
172	48
172	96
172	171
173	53
173	89
174	125
174	155
175	33
175	93
175	105
176	57
176	120
177	22
177	167
179	89
179	108
179	178
180	178
181	178
182	43
182	151
185	47
185	81
185	106
185	183
185	184
186	77
187	107
187	141
188	170
188	186
189	62
190	157
190	175
191	19
191	104
192	78
192	151
192	164
193	112
193	145
194	158
194	193
195	52
195	125
195	146
196	89
197	146
197	162
199	57
199	89
199	150
199	153
200	21
200	81
200	180
201	185
201	199
202	198
202	199
202	200
203	41
203	144
204	27
205	112
205	196
206	10
206	51
206	99
206	116
206	139
206	189
207	180
208	109
208	117
208	130
208	206
208	207
209	10
209	126
210	62
211	102
212	211
213	211
214	211
216	73
216	113
216	215
219	42
219	84
219	218
222	84
222	221
223	105
223	135
224	138
225	72
225	138
225	220
226	217
226	222
228	170
228	224
229	188
229	217
230	138
230	169
230	227
231	188
231	227
232	54
232	74
233	42
233	125
235	144
235	234
236	130
237	135
237	136
238	237
241	240
243	242
248	246
248	247
251	249
251	250
253	239
253	252
254	253
256	255
258	247
260	257
260	258
262	261
263	262
268	262
268	267
270	269
275	271
275	272
275	273
275	274
276	275
281	250
281	280
282	265
283	280
285	243
285	255
285	283
285	284
286	256
286	285
287	277
288	261
290	252
290	253
291	289
293	292
296	280
296	283
297	285
297	296
299	247
299	279
299	294
300	256
300	259
300	299
301	295
301	298
303	280
303	283
303	296
303	302
306	250
306	281
306	285
306	305
307	259
307	286
307	306
308	304
309	266
309	298
311	258
312	259
312	311
313	250
313	281
314	250
314	280
314	281
314	283
314	296
314	303
314	306
314	313
315	278
316	315
317	241
317	286
317	300
317	304
317	307
317	316
319	239
319	318
320	252
321	320
322	264
322	321
323	253
323	320
324	309
326	275
326	293
326	325
327	315
328	241
329	328
330	255
331	248
331	330
334	240
334	333
335	262
335	265
335	282
336	245
336	279
336	299
337	291
337	319
338	241
338	254
338	317
338	337
339	337
340	339
341	298
341	309
341	332
342	341
343	244
343	278
344	299
344	343
345	263
345	312
346	263
346	312
347	270
347	342
351	261
351	267
351	350
352	242
352	277
352	288
353	335
353	348
353	349
353	352
354	310
354	333
355	240
355	354
356	244
356	333
356	343
356	354
357	316
357	356
358	331
359	310
361	250
361	258
361	281
362	245
362	360
363	270
363	275
363	293
363	300
363	362
364	243
365	243
366	243
366	297
367	243
367	285
368	252
369	258
369	311
370	261
370	351
371	252
371	320
371	368
372	247
373	273
374	336
375	354
377	253
378	358
379	247
379	279
379	372
379	376
380	328
381	332
382	258
382	361
383	261
385	384
387	1
387	386
388	387
392	391
393	392
394	385
395	392
396	1
396	394
397	394
398	397
399	397
400	397
401	397
403	393
403	402
404	403
406	405
407	393
407	406
409	408
410	392
412	403
412	411
415	414
416	414
418	417
420	396
421	397
422	419
422	420
422	421
424	392
426	393
426	415
426	425
427	385
427	421
427	426
428	427
430	384
431	389
431	417
431	424
432	406
432	410
433	432
434	432
436	403
436	435
437	393
437	403
437	433
438	390
438	409
440	403
440	423
440	439
442	431
442	441
443	395
443	442
444	425
445	417
445	425
446	384
446	387
447	387
447	430
448	385
448	394
448	427
450	449
451	417
452	1
452	409
453	414
453	429
454	452
455	384
456	384
456	455
457	409
457	420
458	395
458	406
460	414
460	429
460	456
461	406
461	458
462	436
462	459
463	384
463	414
464	454
465	414
465	444
466	450
466	457
467	443
468	450
468	464
469	414
469	444
469	451
470	417
470	431
470	465
471	430
471	455
473	432
473	439
473	472
474	413
474	439
478	477
480	479
481	478
481	480
482	475
482	480
485	478
485	484
486	483
486	485
487	486
490	483
490	486
492	482
492	488
493	479
494	481
494	485
494	493
495	483
495	487
496	483
497	92
497	485
497	496
498	486
498	493
499	479
499	486
500	215
500	497
502	501
505	503
505	504
513	512
514	512
520	516
521	517
521	518
521	519
521	520
523	117
523	522
524	505
525	524
526	524
528	527
529	525
530	529
531	526
531	529
532	531
533	524
533	527
534	533
535	512
537	536
538	537
539	512
539	535
540	507
540	508
541	540
542	540
543	540
544	540
545	540
546	510
546	544
546	545
547	507
547	508
549	506
549	533
549	548
550	502
550	549
551	512
551	535
551	543
552	506
552	512
552	539
552	549
552	551
553	549
554	547
555	547
556	548
556	553
556	554
556	555
557	505
557	533
558	537
559	547
559	558
560	536
560	547
562	511
562	544
562	545
562	561
563	559
564	557
564	558
564	563
565	505
565	533
566	507
566	509
566	544
567	508
567	509
567	545
569	533
569	549
569	568
570	541
570	542
571	502
571	523
571	534
571	570
572	510
573	510
574	502
574	533
575	536
579	578
583	577
584	583
585	583
586	582
586	585
588	587
591	590
592	590
594	593
595	579
595	590
596	595
597	595
598	589
598	593
599	598
600	598
601	598
602	598
603	598
605	604
606	605
607	605
610	609
611	579
611	608
611	610
612	610
613	583
614	613
615	586
615	614
617	616
619	588
619	618
620	615
621	598
623	622
625	588
625	624
626	577
627	582
627	620
629	595
629	628
631	593
631	630
633	632
635	633
635	634
637	615
637	636
640	617
640	633
640	639
641	577
641	613
642	641
645	644
646	583
647	646
649	637
649	645
649	648
651	650
653	585
654	623
654	640
654	652
654	653
656	625
656	655
658	576
658	598
658	605
658	610
659	606
659	629
659	643
659	657
659	658
660	576
661	576
663	610
663	662
665	580
665	664
667	606
667	666
668	585
669	619
669	625
669	633
669	668
670	588
670	656
672	638
673	585
673	672
674	673
675	673
677	615
677	676
680	588
680	679
681	585
681	653
681	668
682	640
682	680
682	681
683	681
684	681
686	640
686	654
686	682
686	685
688	645
688	682
688	687
690	633
690	656
690	689
692	605
692	663
692	691
693	590
693	667
694	681
695	693
696	695
697	631
697	658
698	697
700	699
701	613
703	580
703	676
703	682
703	701
703	702
704	588
705	646
705	671
706	595
708	707
709	625
709	682
710	638
710	707
711	710
713	659
713	712
714	638
714	672
714	705
715	714
717	716
719	633
719	669
719	718
721	581
721	678
721	717
721	720
723	611
723	713
723	722
724	723
726	581
726	617
726	635
726	640
726	651
726	654
726	678
726	721
726	725
727	653
727	668
727	681
727	693
727	695
727	726
728	721
729	638
729	699
730	729
731	576
733	690
733	732
735	703
735	734
737	623
737	735
737	736
739	659
739	693
739	738
741	740
744	743
745	742
745	744
746	744
747	745
749	741
750	740
751	741
751	749
752	749
753	750
754	751
758	741
758	751
758	756
758	757
759	758
760	743
761	744
761	760
763	743
763	760
763	762
764	740
765	755
767	766
772	768
772	771
773	769
773	770
773	772
774	772
775	765
776	749
777	751
778	744
778	764
779	760
779	763
780	743
781	748
781	763
782	775
782	781
784	755
784	781
785	781
786	771
787	772
787	777
787	786
788	757
790	763
790	780
790	781
790	789
792	758
792	784
792	788
794	793
795	794
796	780
797	796
798	771
800	781
800	799
801	784
802	801
803	745
804	755
804	767
804	781
804	783
804	788
804	792
805	744
805	795
805	796
806	749
806	750
808	804
808	807
809	796
810	809
812	794
812	811
813	759
814	759
815	761
815	764
815	779
816	741
816	745
816	764
817	816
818	775
819	818
820	819
821	765
821	820
822	804
823	810
823	812
824	759
824	773
825	759
825	773
827	826
829	522
829	828
830	827
833	522
833	832
835	830
835	834
837	830
837	836
838	829
840	839
841	840
843	842
845	826
846	828
847	845
848	847
849	848
854	838
854	839
854	853
855	834
855	851
855	852
856	832
856	850
856	855
857	856
859	828
860	855
861	847
861	856
861	860
862	844
862	855
863	834
863	844
864	844
864	855
865	855
865	860
866	845
866	853
867	834
868	832
869	832
870	832
871	847
872	838
873	838
874	853
875	834
877	876
878	828
878	846
879	876
880	849
881	847
882	860
882	876
883	858
884	860
884	865
884	883
885	847
885	884
886	859
886	872
886	875
887	849
888	849
889	849
890	849
892	834
892	855
892	882
893	836
893	879
894	858
894	876
895	847
895	877
895	894
896	832
896	870
896	877
897	836
897	893
897	896
898	875
898	896
899	851
900	870
901	847
901	853
901	881
902	875
903	853
903	858
903	891
904	832
904	846
905	832
906	832
907	832
908	850
909	850
910	850
911	832
912	848
913	847
918	913
918	914
918	915
919	913
919	916
919	917
920	832
921	832
922	865
927	922
927	923
927	924
928	922
928	925
928	926
929	872
929	879
929	886
929	902
929	903
930	873
930	879
930	891
930	903
930	929
931	874
931	879
931	900
932	883
932	903
933	832
936	935
937	935
939	938
941	940
942	937
943	942
945	944
946	945
947	943
948	947
950	949
951	949
952	950
952	951
954	953
955	938
957	940
958	957
960	943
960	959
962	940
963	950
965	949
966	961
967	966
969	968
970	935
970	936
971	951
972	952
972	971
974	955
974	966
974	973
976	953
979	952
980	69
981	980
983	982
984	954
984	956
985	940
986	985
988	961
989	988
990	81
990	988
992	964
993	978
994	959
994	963
994	993
995	942
995	991
996	945
996	970
997	971
998	185
998	967
998	990
999	993
1000	995
1001	952
1002	997
1003	1002
1004	944
1006	944
1006	979
1006	1003
1007	946
1007	960
1007	969
1007	998
1007	1006
1008	1006
1009	1006
1010	1006
1011	938
1011	976
1011	987
1012	954
1012	992
1012	1011
1013	987
1014	964
1014	1013
1015	934
1015	942
1015	1006
1016	957
1016	982
1017	941
1017	1016
1018	1017
1020	1019
1022	966
1022	970
1022	974
1022	1005
1022	1021
1023	1019
1024	953
1024	975
1025	953
1025	975
1026	965
1027	968
1027	972
1027	1001
1027	1006
1027	1026
1028	1027
1029	944
1029	945
1029	996
1029	1005
1031	70
1031	106
1031	954
1031	964
1031	1030
1032	975
1032	1020
1033	1032
1034	1031
1035	951
1035	977
1035	999
1036	1035
1037	941
1037	980
1038	972
1038	1006
1039	1031
1040	1031
1041	1031
1043	1042
1044	950
1044	1027
1045	987
1045	1013
1045	1042
1046	1004
1046	1027
1047	1020
1047	1023
1047	1032
1048	949
1048	978
1048	993
1049	949
1049	977
1050	959
1050	994
1050	1006
1050	1036
1051	938
1051	955
1051	957
1051	985
1051	1020
1051	1023
1051	1024
1051	1025
1052	941
1052	1051
1053	70
1053	954
1053	1033
1053	1051
1054	934
1055	976
1055	992
1056	106
1056	962
1056	982
1057	953
1057	1011
1057	1042
1058	969
1058	998
1058	1007
1059	946
1059	1053
1060	1023
1060	1024
1060	1025
1060	1047
1062	1061
1063	1061
1066	1064
1069	1068
1071	1070
1074	1073
1077	1075
1077	1076
1080	1079
1087	1086
1088	1086
1089	1087
1089	1088
1091	1088
1092	1066
1092	1087
1092	1089
1092	1091
1093	1092
1095	1094
1096	1094
1098	1087
1098	1097
1099	1085
1100	1099
1102	1101
1104	1103
1107	1106
1108	1107
1109	1091
1112	1111
1117	1114
1120	318
1120	1066
1120	1119
1123	1122
1125	812
1125	823
1126	428
1128	1127
1129	1127
1136	1133
1137	1107
1138	1108
1138	1137
1139	1137
1140	1137
1143	1142
1144	1104
1144	1107
1146	1106
1149	1147
1149	1148
1151	1150
1155	1082
1157	1156
1160	1075
1160	1159
1161	1064
1162	1157
1164	1123
1164	1163
1166	1091
1167	1092
1167	1148
1167	1160
1167	1166
1168	1149
1168	1167
1169	1167
1171	1153
1171	1160
1171	1170
1172	1171
1176	1171
1177	1065
1177	1120
1178	1095
1179	286
1179	1178
1180	1106
1181	1107
1184	489
1185	1175
1188	1130
1190	1118
1190	1189
1191	1183
1192	1073
1192	1191
1193	1074
1193	1192
1194	1099
1196	1195
1197	1070
1198	1070
1198	1155
1198	1197
1201	1200
1202	489
1202	1171
1202	1176
1204	1203
1205	1203
1208	1148
1208	1207
1209	1073
1211	1110
1212	1211
1214	1213
1215	794
1217	412
1217	1216
1218	1076
1221	1088
1222	1157
1223	1145
1224	1088
1225	1078
1225	1083
1225	1085
1226	1225
1227	1103
1227	1130
1228	813
1229	814
1231	745
1231	801
1232	1228
1232	1229
1232	1231
1235	1190
1235	1234
1237	1236
1238	1237
1240	1233
1240	1239
1241	1109
1242	1163
1243	1134
1244	1124
1244	1132
1245	1079
1245	1168
1247	1192
1247	1233
1248	1219
1249	413
1250	1107
1252	1221
1254	1205
1254	1253
1255	1223
1255	1230
1257	1250
1258	801
1259	1258
1261	1157
1261	1162
1261	1260
1263	1225
1264	1262
1266	1178
1268	1108
1268	1244
1268	1245
1268	1267
1270	1071
1270	1269
1272	1271
1274	1273
1275	1273
1276	1123
1276	1151
1277	1101
1278	1102
1278	1277
1279	1277
1280	1279
1281	1073
1282	1281
1284	1151
1284	1283
1286	1097
1290	1251
1290	1288
1290	1289
1291	1206
1292	1243
1293	1222
1293	1258
1295	1294
1296	1084
1298	436
1298	1253
1298	1297
1300	1164
1300	1299
1301	1070
1301	1287
1302	1141
1302	1301
1303	1299
1305	1254
1305	1295
1305	1304
1307	1079
1307	1245
1307	1295
1307	1306
1308	1276
1309	1132
1309	1244
1309	1308
1310	1171
1310	1202
1310	1210
1310	1280
1311	1310
1312	1090
1313	1312
1314	1074
1314	1079
1314	1124
1314	1268
1314	1282
1315	1073
1316	1315
1317	1310
1318	1107
1320	1319
1323	1160
1324	1107
1324	1134
1325	1324
1327	1158
1327	1226
1327	1257
1327	1326
1328	1327
1329	1327
1330	1240
1330	1300
1331	1132
1331	1193
1331	1330
1332	1064
1333	1141
1333	1320
1335	1081
1335	1100
1335	1238
1335	1334
1336	1152
1338	1337
1339	1103
1339	1324
1341	1149
1341	1179
1341	1340
1342	1340
1344	1098
1344	1253
1344	1343
1346	1141
1346	1333
1346	1345
1347	1214
1347	1334
1349	1200
1350	1199
1350	1253
1350	1349
1351	1297
1352	1086
1353	1277
1354	1092
1354	1129
1354	1258
1354	1290
1355	1354
1356	1242
1357	1152
1357	1336
1358	1153
1358	1357
1360	1207
1362	1141
1362	1274
1362	1361
1363	1362
1364	1361
1365	1204
1365	1343
1365	1351
1366	1108
1366	1245
1366	1325
1368	1086
1370	1335
1370	1369
1372	1071
1372	1363
1372	1371
1374	1270
1374	1314
1374	1366
1374	1373
1375	1324
1375	1373
1377	1376
1378	1284
1380	1098
1380	1354
1380	1379
1383	1378
1383	1382
1384	1244
1384	1383
1385	1248
1386	1219
1387	1096
1388	1178
1388	1387
1389	1368
1390	1252
1392	1335
1392	1391
1397	1335
1397	1396
1398	1382
1398	1394
1399	1183
1399	1303
1400	1389
1401	1368
1401	1379
1401	1400
1402	1089
1402	1129
1402	1401
1403	805
1403	1231
1403	1258
1404	1170
1404	1172
1404	1372
1405	1394
1406	1154
1407	1318
1407	1378
1407	1406
1408	1192
1408	1220
1410	1291
1411	1269
1413	1322
1413	1412
1414	1167
1414	1392
1417	1135
1417	1160
1417	1196
1417	1323
1417	1415
1417	1416
1418	1220
1419	1068
1420	1069
1420	1411
1420	1419
1421	1086
1421	1252
1423	1103
1423	1377
1423	1407
1423	1422
1424	1244
1424	1423
1425	423
1425	1327
1426	1218
1426	1391
1427	1297
1427	1349
1427	1393
1428	1343
1430	1092
1430	1120
1430	1429
1432	1431
1433	1225
1433	1264
1433	1431
1434	1307
1434	1328
1434	1432
1435	1144
1436	1165
1436	1279
1436	1353
1437	1118
1437	1310
1437	1436
1439	1167
1439	1335
1440	1391
1441	1321
1441	1440
1442	1209
1443	1104
1443	1186
1443	1442
1444	1314
1444	1443
1445	1062
1445	1063
1445	1362
1446	1372
1446	1445
1447	1084
1447	1090
1447	1096
1447	1312
1448	1095
1448	1313
1448	1348
1448	1447
1449	1342
1450	1206
1450	1349
1450	1428
1451	1219
1451	1275
1451	1362
1452	1136
1452	1373
1452	1375
1453	1149
1453	1196
1454	1117
1454	1420
1455	1117
1455	1420
1456	1419
1457	1454
1457	1456
1458	1455
1458	1456
1459	1141
1459	1320
1460	1079
1460	1112
1460	1124
1460	1268
1460	1328
1461	1105
1462	1118
1462	1235
1462	1348
1462	1449
1462	1461
1463	1340
1463	1437
1464	1118
1464	1280
1464	1463
1467	1277
1467	1353
1467	1465
1467	1466
1468	1176
1468	1184
1468	1210
1468	1317
1469	1174
1470	1073
1470	1188
1471	1410
1472	1110
1472	1364
1473	1269
1473	1452
1474	1152
1475	1143
1475	1285
1476	1475
1477	1126
1477	1309
1477	1384
1479	1086
1479	1230
1479	1390
1479	1478
1481	1480
1482	565
1483	565
1484	1240
1484	1330
1485	1153
1485	1171
1485	1174
1485	1469
1486	1404
1486	1485
1487	1141
1487	1171
1487	1174
1488	1174
1488	1362
1489	1093
1489	1205
1489	1232
1489	1259
1490	1152
1490	1277
1490	1279
1490	1357
1491	1099
1491	1367
1492	1146
1494	1133
1494	1493
1496	1110
1496	1371
1497	1091
1497	1109
1498	1070
1498	1473
1499	1070
1499	1411
1500	1117
1501	1366
1501	1500
1502	1162
1502	1251
1503	1335
1503	1381
1504	1084
1505	1092
1505	1177
1506	1159
1506	1246
1506	1322
1506	1413
1507	1075
1507	1160
1507	1335
1507	1381
1508	1245
1508	1507
1509	1343
1511	1083
1511	1510
1513	1199
1513	1217
1513	1507
1514	1513
1515	1507
1516	1335
1516	1395
1517	1367
1517	1440
1518	1163
1519	1175
1519	1518
1522	1196
1522	1520
1522	1521
1523	1322
1523	1416
1524	1281
1524	1495
1525	1224
1525	1230
1526	1092
1526	1167
1526	1525
1527	1285
1527	1440
1528	1321
1529	1194
1530	1529
1531	1101
1531	1152
1531	1357
1531	1474
1532	1135
1532	1171
1532	1174
1532	1488
1532	1531
1533	1239
1533	1299
1534	1531
1535	1136
1536	1287
1536	1420
1536	1481
1537	1211
1537	1531
1538	1443
1538	1495
1539	1372
1540	1372
1541	1311
1541	1341
1541	1404
1542	1168
1542	1404
1542	1453
1542	1508
1543	1061
1544	1116
1548	1545
1549	1443
1549	1548
1553	1117
1553	1370
1554	1072
1554	1547
1555	1073
1557	1090
1557	1105
1559	1336
1559	1357
1560	1081
1560	1530
1561	1082
1562	1556
1563	1299
1563	1356
1566	1493
1567	1070
1568	1567
1569	1567
1570	1273
1570	1565
1571	1256
1574	1103
1575	1574
1576	1546
1577	1125
1578	1236
1580	1113
1580	1327
1581	1327
1582	1113
1583	1582
1585	1118
1587	1273
1589	1521
1589	1588
1594	1379
1594	1577
1595	1225
1595	1512
1596	1548
1599	1456
1599	1598
1600	1585
1600	1590
1602	1601
1604	1116
1606	1133
1610	1134
1611	1135
1612	1544
1614	1613
1616	1072
1619	1571
1620	1141
1621	1141
1621	1618
1622	1492
1623	1144
1623	1551
1623	1592
1624	1623
1625	1088
1625	1368
1626	1064
1627	1273
1628	1613
1630	1297
1630	1349
1631	1091
1632	1334
1632	1578
1633	1390
1633	1525
1635	1272
1635	1332
1639	1548
1642	1163
1645	1543
1646	1579
1646	1607
1647	1167
1648	1225
1649	1605
1650	1174
1654	1555
1655	1615
1658	1580
1660	1616
1663	1624
1663	1662
1664	1338
1664	1629
1665	1628
1667	1106
1668	1636
1668	1667
1671	1555
1671	1670
1675	1608
1678	1099
1678	1334
1678	1677
1679	1195
1679	1246
1680	1210
1680	1590
1685	1159
1685	1285
1686	1573
1686	1576
1686	1671
1687	1599
1687	1604
1688	1219
1688	1674
1689	1688
1690	1220
1690	1564
1690	1643
1692	1584
1692	1691
1693	1623
1695	1529
1696	1529
1697	1150
1700	1606
1700	1644
1701	1618
1701	1621
1702	1283
1702	1593
1703	1587
1704	1636
1706	1207
1707	1676
1709	1548
1710	1227
1711	1493
1713	1558
1714	1099
1715	1690
1717	1591
1718	1105
1720	1360
1721	1555
1722	1586
1723	1663
1723	1722
1724	1236
1725	1705
1726	1243
1726	1610
1727	1243
1728	1225
1729	1083
1729	1572
1730	1631
1731	1154
1732	1099
1732	1695
1734	1548
1735	1681
1736	1182
1736	1359
1737	1158
1737	1514
1739	1637
1739	1638
1739	1738
1740	1715
1741	1555
1741	1573
1743	1654
1744	1742
1744	1743
1745	1548
1746	1566
1746	1586
1747	1225
1749	1469
1749	1748
1750	1158
1751	1083
1752	1645
1753	1650
1753	1655
1754	1105
1755	1670
1756	1727
1757	1756
1759	1735
1760	1653
1761	1492
1761	1612
1762	1347
1763	1256
1763	1529
1764	1257
1765	1583
1766	1359
1767	1641
1768	1220
1768	1767
1771	1159
1771	1213
1772	1659
1774	1605
1774	1608
1775	1156
1775	1215
1776	1361
1777	1269
1777	1699
1777	1700
1778	1166
1779	1684
1779	1728
1780	1552
1781	1704
1782	1561
1782	1613
1783	1550
1783	1759
1783	1760
1784	1438
1785	423
1786	1740
1787	1281
1787	1659
1787	1686
1788	1564
1789	1651
1790	1672
1791	1654
1791	1755
1794	1742
1794	1792
1794	1793
1795	1209
1795	1442
1796	1652
1796	1709
1796	1725
1797	1795
1797	1796
1798	1652
1798	1710
1799	1256
1799	1409
1800	1225
1800	1265
1801	1287
1801	1675
1802	1289
1803	1735
1804	1292
1804	1681
1805	1641
1805	1643
1806	1299
1806	1300
1808	1301
1808	1649
1808	1801
1809	1669
1810	1064
1810	1629
1811	1107
1811	1238
1812	1439
1812	1441
1813	1308
1814	1634
1815	1310
1817	1316
1817	1673
1817	1790
1818	1317
1819	1507
1819	1516
1820	1318
1820	1562
1821	1606
1821	1662
1822	1327
1823	1326
1823	1750
1824	1605
1825	1637
1826	1119
1826	1121
1827	1660
1827	1697
1828	1661
1829	1419
1830	1708
1831	1131
1831	1711
1832	1339
1833	1545
1834	1755
1834	1770
1835	1617
1835	1683
1836	1285
1838	1115
1839	1602
1839	1832
1840	1555
1840	1809
1841	1769
1841	1840
1842	1556
1842	1704
1843	1348
1844	1714
1845	1416
1845	1523
1846	1191
1847	1558
1848	1614
1848	1758
1848	1807
1849	1634
1849	1780
1850	1720
1850	1778
1851	1662
1852	1813
1853	1067
1853	1401
1854	1166
1854	1706
1855	1591
1856	1585
1857	1585
1858	1564
1858	1690
1859	1694
1860	1354
1861	1343
1862	1691
1863	1666
1864	1128
1865	1362
1865	1647
1866	1165
1866	1754
1867	1207
1868	1360
1868	1588
1870	1693
1870	1777
1871	1710
1871	1745
1873	1872
1874	1872
1875	1143
1875	1416
1876	1682
1877	1509
1878	1107
1878	1500
1879	1686
1879	1773
1880	1653
1881	1764
1882	1326
1882	1572
1883	1620
1883	1758
1884	1655
1884	1847
1885	1440
1886	1750
1887	1777
1889	1547
1890	1717
1890	1855
1891	1555
1891	1669
1892	1200
1892	1512
1893	1201
1893	1661
1894	1381
1896	1385
1896	1386
1896	1895
1897	1712
1897	1788
1898	1656
1898	1657
1898	1674
1898	1688
1899	1761
1900	1772
1901	1784
1902	1067
1902	1901
1903	1236
1903	1619
1904	1369
1905	1713
1905	1748
1906	1076
1906	1159
1907	1677
1908	1694
1908	1787
1909	1467
1910	1645
1910	1758
1911	1786
1912	1640
1913	1220
1913	1315
1914	1249
1914	1731
1915	1099
1915	1825
1916	1666
1916	1686
1917	1648
1918	1869
1918	1894
1919	1584
1919	1692
1920	1364
1920	1496
1921	1417
1921	1815
1922	1418
1922	1712
1922	1717
1923	1601
1924	1420
1924	1822
1925	1425
1925	1886
1926	1517
1927	1527
1929	1273
1929	1587
1930	1361
1930	1683
1931	1435
1931	1592
1931	1639
1931	1722
1931	1833
1932	1551
1933	1115
1934	1864
1935	1290
1935	1934
1936	1438
1936	1934
1937	1895
1938	1937
1939	1543
1939	1930
1941	1927
1941	1940
1942	1907
1943	1082
1943	1131
1945	1933
1945	1934
1946	1726
1947	1576
1948	1781
1949	1106
1949	1622
1950	1187
1950	1525
1951	1361
1951	1565
1951	1776
1951	1898
1952	1585
1952	1856
1952	1857
1953	1459
1953	1837
1954	1464
1955	1469
1955	1615
1955	1650
1955	1884
1956	1146
1956	1719
1957	1121
1957	1161
1958	1555
1959	1900
1960	1091
1960	1789
1961	1597
1961	1900
1962	1716
1963	1777
1964	1420
1964	1963
1965	1634
1965	1824
1965	1963
1967	1966
1968	1696
1970	1068
1970	1116
1971	1609
1971	1970
1972	1156
1973	1602
1975	1431
1976	1369
1976	1724
1977	1705
1977	1796
1978	1727
1978	1928
1979	1911
1980	1524
1980	1979
1981	1409
1981	1511
1982	1844
1983	1699
1984	1409
1984	1969
1985	1492
1986	1579
1987	1493
1987	1983
1988	1443
1988	1581
1989	1495
1990	1207
1991	1904
1992	1972
1993	1258
1993	1860
1994	1552
1994	1880
1995	1292
1995	1500
1995	1994
1996	1243
1996	1500
1996	1994
1997	1802
1998	1338
1998	1730
1999	1609
2000	1503
2000	1762
2000	1869
2000	1918
2000	1944
2001	1585
2001	1590
2001	1856
2002	1603
2002	1803
2003	1061
2003	1617
2004	1627
2004	1703
2004	1929
2005	1626
2007	1829
2008	1357
2008	1707
2009	1748
2010	1974
2011	1497
2011	1974
2011	2006
2012	1783
2012	1814
2013	1585
2013	1600
2013	1952
2014	1672
2015	1624
2016	1166
2016	1651
2017	1334
2017	1426
2018	1091
2018	1352
2019	2018
2020	1512
2020	1708
2020	1966
2021	1513
2021	1828
2021	2020
2022	1125
2022	1379
2023	1514
2024	1816
2024	1859
2026	1742
2026	1794
2026	2025
2027	1991
2027	2000
2028	1517
2028	1941
2029	1072
2030	1962
2030	1963
2031	1894
2031	1944
2032	1524
2032	1698
2032	1816
2033	1770
2034	1947
2034	2033
2035	1830
2035	1966
2036	1061
2036	1645
2037	1312
2038	1207
2038	1682
2039	1597
2039	1654
2039	1959
2040	1654
2040	1863
2041	1546
2041	2040
2042	1787
2042	2033
2043	1475
2043	1766
2044	1606
2044	1821
2045	1360
2046	2045
2047	1828
2047	2021
2048	1886
2048	2021
2048	2047
2049	1593
2050	1838
2050	1997
2051	1187
2051	1479
2052	1735
2052	1978
2053	1734
2053	1773
2054	1574
2057	1954
2060	2058
2061	1308
2061	2029
2061	2058
2062	1105
2063	1101
2063	1909
2064	1148
2065	1148
2066	1610
2068	1644
2068	1663
2068	1872
2069	1650
2070	1067
2070	1429
2071	1843
2072	1096
2073	1461
2074	2073
2075	1461
2076	1187
2076	2005
2077	1211
2077	1531
2078	1447
2079	1986
2079	2039
2080	1843
2081	1726
2081	1756
2081	1928
2082	1461
2082	2056
2084	2083
2085	2057
2085	2084
2086	2083
2086	2085
2087	1206
2087	1479
2088	1584
2088	1757
2089	1761
2089	1899
2090	1946
2090	2055
2092	1096
2093	1161
2093	1640
2095	2084
2096	1461
2096	2080
2097	1094
2097	1387
2098	1324
2098	1601
2098	1691
2098	2066
2099	1324
2099	1601
2099	1862
2099	1946
2100	1575
2100	1624
2100	1839
2101	1710
2102	2071
2102	2074
2102	2075
2105	1379
2106	1461
2107	1870
2107	2059
2108	2056
2108	2062
2108	2095
2108	2106
2109	1461
2109	2074
2110	1097
2110	2105
2111	1550
2112	1716
2113	1471
2114	1411
2114	1733
2114	2111
2115	1946
2115	2002
2116	1575
2116	1624
2117	1934
2118	1733
2118	1962
2119	1452
2119	1851
2120	1452
2120	1851
2120	1923
2120	2055
2121	1279
2121	1357
2121	1490
2122	1105
2123	1843
2123	2102
2124	1461
2125	1462
2125	2064
2126	1462
2126	2065
2127	1529
2127	1969
2128	2015
2128	2103
2129	1473
2129	1874
2130	1473
2130	1873
2130	2090
2131	1603
2131	1733
2132	1474
2134	1973
2135	2091
2135	2124
2136	1094
2136	2097
2137	1718
2138	1954
2138	2083
2138	2122
2139	1310
2139	1468
2139	1490
2140	1102
2140	1310
2140	1358
2140	1490
2141	1954
2141	2067
2141	2138
2142	1286
2142	1877
2143	1555
2143	2094
2144	1954
2144	2086
2145	1461
2145	2091
2146	1888
2146	2104
2146	2132
2146	2133
2147	2103
2147	2134
2148	2147
2149	1610
2149	1946
2150	1818
2151	1590
2151	1818
2151	2150
2152	1603
2152	1923
2152	2055
2152	2115
2152	2119
2154	2129
2154	2131
2155	2107
2155	2134
2156	1832
2156	2103
2157	1322
2157	1845
2157	2137
2158	1485
2158	1615
2158	1753
2158	1888
2158	2104
2159	1299
2159	1533
2159	1563
2160	1096
2160	1387
2162	1986
2162	2161
2163	1743
2163	2153
2163	2161
2164	1665
2164	1808
2164	2112
2165	1182
2165	2113
2166	2072
2167	2072
2168	1688
2168	1703
2170	2160
2171	2160
2174	1472
2174	1531
2176	1979
2176	2032
2176	2175
2177	1101
2177	1537
2178	1929
2179	2178
2180	1101
2180	1490
2181	1173
2181	1346
2182	2181
2183	1269
2184	1748
2184	2179
2185	1165
2185	1436
2186	1310
2187	1954
2187	2067
2188	1954
2188	2067
2189	1469
2189	1472
2190	1165
2190	1353
2191	2092
2191	2097
2191	2169
2192	1312
2192	2078
2193	1312
2193	2172
2193	2173
2193	2192
2194	1414
2194	1528
2195	1225
2195	1714
2196	1118
2196	1448
2197	1931
2197	2054
2198	2183
2199	2186
2201	2200
2202	2201
2203	1507
2204	1278
2204	2202
2205	2200
2205	2203
2208	803
2211	2206
2212	2206
2213	2211
2213	2212
2214	396
2214	2208
2214	2213
2223	2222
2224	394
2224	2222
2224	2223
2225	2223
2229	2227
2230	2221
2230	2223
2230	2224
2231	2228
2232	397
2233	2222
2235	2229
2236	2224
2239	2237
2239	2238
2243	2242
2245	2209
2245	2220
2250	2243
2250	2249
2251	2249
2252	2250
2253	2250
2254	2250
2257	2248
2262	2222
2263	2236
2263	2259
2263	2260
2263	2261
2264	2231
2269	2268
2270	2268
2271	2268
2272	2269
2273	2267
2276	2274
2276	2275
2278	2277
2282	2255
2283	390
2283	2213
2283	2258
2283	2265
2283	2282
2284	397
2284	421
2284	2283
2285	2281
2285	2283
2285	2284
2286	2240
2287	2265
2287	2286
2289	2218
2291	2277
2292	2239
2293	2256
2293	2291
2296	2222
2299	2236
2299	2263
2299	2297
2299	2298
2301	2300
2303	2283
2304	2257
2305	791
2305	2283
2306	2234
2307	2264
2307	2266
2308	387
2309	2247
2310	2236
2311	2243
2311	2306
2312	2254
2313	521
2313	2236
2314	2240
2315	2226
2316	2246
2316	2292
2317	2289
2318	2232
2318	2317
2321	2279
2322	2223
2322	2225
2322	2315
2322	2320
2322	2321
2323	2322
2324	2322
2325	2322
2326	2241
2326	2244
2328	2256
2328	2319
2329	2236
2329	2328
2330	2327
2330	2328
2330	2329
2331	2308
2332	2286
2333	2220
2333	2245
2333	2295
2333	2319
2334	2268
2335	2273
2335	2288
2336	2244
2337	2282
2339	2337
2342	2290
2344	2299
2345	70
2345	2344
2346	2218
2347	2219
2347	2312
2347	2346
2348	2219
2348	2232
2349	2294
2349	2304
2350	2336
2351	2225
2351	2350
2352	841
2353	2328
2355	2303
2355	2305
2356	2243
2358	2216
2358	2232
2358	2264
2358	2338
2359	2326
2360	2228
2360	2315
2361	2235
2362	2234
2362	2280
2363	2361
2364	2341
2364	2343
2364	2363
2365	2263
2365	2313
2365	2352
2365	2364
2366	2364
2367	2241
2367	2320
2368	2294
2368	2337
2369	2239
2369	2291
2370	2236
2370	2299
2370	2369
2371	2217
2371	2250
2371	2318
2372	2279
2372	2336
2372	2359
2373	2275
2373	2283
2373	2302
2373	2355
2374	2220
2374	2333
2375	2337
2376	2283
2376	2375
2377	2222
2377	2357
2378	2291
2378	2369
2379	2375
2380	2255
2380	2379
2381	2328
2382	2268
2382	2334
2383	2207
2383	2269
2383	2290
2383	2295
2383	2342
2383	2354
2383	2382
2384	2224
2384	2236
2384	2310
2384	2329
2384	2383
2385	2383
2386	2383
2387	2248
2387	2379
2388	2217
2388	2288
2388	2356
2389	2247
2389	2309
2389	2310
2389	2340
2389	2353
2389	2354
2389	2381
2390	2277
2390	2333
2390	2369
2391	2209
2393	2286
2393	2332
2394	396
2394	2322
2394	2393
2395	2392
2395	2393
2395	2394
2396	2383
2396	2391
2397	2215
2397	2239
2398	2220
2398	2374
2399	2383
2399	2398
2400	2398
2401	2398
2402	2341
2403	2222
2403	2357
2404	2222
2404	2377
2405	2226
2405	2338
2406	2222
2406	2233
2406	2296
2406	2331
2406	2393
2407	2326
2407	2350
2408	2258
2408	2275
2408	2300
2408	2301
2409	2304
2409	2387
2410	2234
2411	2410
2412	2216
2412	2356
2413	2210
2413	2250
2414	753
2415	754
2415	2267
2415	2280
2415	2414
2416	2309
2417	2269
2417	2416
2418	778
2418	791
2419	2223
2419	2385
2419	2386
2420	2340
2420	2383
2421	2247
2421	2328
2422	2246
2423	2422
2426	2425
2427	491
2433	2432
2437	2435
2440	2438
2440	2439
2444	2442
2444	2443
2448	1185
2450	2440
2452	2451
2455	2454
2458	2448
2459	2457
2459	2458
2460	2426
2460	2459
2462	2461
2464	2463
2472	2435
2472	2471
2476	2475
2477	2474
2477	2475
2478	2474
2478	2475
2481	2480
2482	2480
2483	2481
2484	2475
2486	2427
2487	2465
2488	2459
2490	2429
2490	2489
2491	2436
2494	2473
2494	2493
2496	2491
2497	2486
2499	2491
2503	2447
2503	2502
2504	2476
2504	2503
2506	2485
2509	2508
2511	2510
2512	2510
2514	2499
2516	2515
2518	2517
2519	2517
2520	2426
2520	2476
2520	2509
2520	2517
2522	2444
2522	2490
2523	2506
2525	2435
2526	2459
2528	2469
2529	2487
2530	2440
2531	2501
2532	2531
2534	2521
2535	2534
2537	2536
2539	2500
2540	2539
2543	491
2543	2534
2544	491
2544	2465
2544	2487
2544	2529
2545	2500
2545	2539
2546	2430
2546	2449
2549	491
2549	2486
2549	2538
2549	2547
2549	2548
2550	2529
2550	2540
2551	2539
2552	2453
2552	2539
2552	2550
2552	2551
2553	2475
2553	2503
2555	2530
2555	2539
2555	2546
2556	2480
2558	1132
2558	2533
2559	2460
2559	2476
2559	2520
2559	2558
2560	2447
2560	2475
2560	2484
2560	2522
2561	2455
2562	2453
2562	2469
2562	2486
2562	2495
2562	2528
2562	2551
2563	58
2563	82
2563	134
2565	2535
2568	2567
2576	2555
2576	2575
2577	2451
2577	2489
2579	2434
2580	2501
2580	2531
2581	2580
2582	2576
2584	2490
2584	2542
2584	2583
2587	2429
2587	2437
2587	2455
2587	2462
2587	2490
2587	2525
2587	2579
2587	2586
2589	2435
2589	2473
2589	2494
2589	2578
2589	2588
2591	2433
2591	2462
2592	2460
2592	2476
2592	2481
2593	2546
2593	2576
2594	2459
2594	2460
2594	2568
2594	2570
2594	2573
2595	1309
2596	2431
2596	2498
2596	2515
2596	2516
2596	2521
2596	2534
2597	2440
2597	2470
2597	2555
2597	2585
2598	2449
2598	2576
2600	2460
2600	2520
2600	2599
2601	2528
2602	2523
2602	2576
2603	2520
2605	2446
2605	2505
2605	2561
2605	2587
2606	2595
2607	2529
2607	2540
2607	2606
2608	2607
2609	2555
2609	2585
2609	2604
2609	2608
2610	2505
2610	2605
2612	2504
2612	2524
2612	2608
2613	2529
2613	2533
2613	2607
2613	2612
2614	2509
2615	2523
2617	2444
2617	2510
2617	2616
2618	2430
2618	2457
2618	2459
2618	2488
2618	2523
2618	2526
2618	2615
2619	2606
2619	2607
2620	2435
2621	2564
2622	2557
2623	2507
2624	2435
2624	2609
2625	2435
2625	2609
2628	2444
2628	2494
2628	2510
2628	2560
2628	2626
2628	2627
2630	2537
2632	2440
2633	2488
2634	2440
2635	2632
2637	2532
2638	2546
2638	2618
2639	2436
2639	2623
2639	2636
2640	2440
2640	2470
2641	2611
2642	2522
2642	2578
2643	2475
2644	2493
2644	2502
2645	2644
2646	2474
2646	2502
2647	2493
2648	2646
2649	2645
2649	2646
2649	2647
2650	2648
2650	2649
2652	2609
2655	2464
2655	2608
2656	2427
2657	2429
2659	2565
2660	2535
2662	2434
2663	2435
2667	2570
2668	2659
2669	2435
2669	2663
2669	2664
2670	2657
2671	2436
2673	2437
2674	2673
2675	2586
2675	2673
2678	2459
2678	2566
2678	2677
2681	491
2681	2680
2682	2445
2683	2440
2684	2440
2685	2663
2686	2445
2686	2446
2687	2686
2688	2450
2692	2691
2693	2575
2694	2658
2695	2453
2698	2455
2699	2435
2700	2699
2702	2435
2702	2537
2703	2435
2703	2623
2704	2459
2704	2697
2705	2594
2706	2663
2708	2445
2709	2446
2710	2456
2710	2457
2710	2701
2711	2586
2711	2675
2713	2465
2714	2465
2715	2679
2717	2466
2718	2451
2718	2466
2718	2467
2718	2468
2718	2586
2719	2469
2720	2451
2720	2718
2721	2586
2721	2718
2722	2554
2723	2586
2724	2470
2724	2722
2726	2532
2727	2532
2727	2726
2729	2543
2730	2428
2730	2499
2731	2428
2731	2491
2732	2730
2733	2731
2734	2576
2734	2608
2737	2485
2738	2737
2739	2735
2739	2737
2739	2738
2741	2656
2741	2740
2742	2486
2742	2740
2743	2742
2744	2486
2744	2487
2745	2744
2746	2704
2756	2725
2757	2725
2758	2723
2759	2688
2760	2492
2760	2660
2761	2495
2761	2653
2761	2741
2762	2496
2763	2496
2764	2496
2765	2486
2766	2534
2766	2543
2766	2765
2767	2497
2767	2656
2767	2741
2768	2498
2769	2768
2770	2498
2770	2499
2771	2770
2773	2772
2776	2501
2777	2501
2778	2507
2779	2687
2780	2725
2780	2738
2781	2672
2781	2772
2782	2728
2782	2772
2782	2781
2783	2505
2784	2506
2785	2784
2786	2506
2786	2784
2786	2785
2788	2697
2788	2704
2788	2787
2789	2667
2790	2528
2790	2621
2791	2564
2791	2609
2792	2545
2793	2531
2793	2792
2794	2448
2794	2458
2795	2576
2795	2608
2796	2514
2796	2653
2796	2671
2796	2761
2797	2672
2799	2798
2800	491
2800	2665
2800	2666
2801	2798
2801	2799
2801	2800
2802	2554
2803	2507
2805	2528
2805	2529
2806	2805
2807	2523
2807	2737
2808	2523
2810	2554
2811	2479
2811	2516
2811	2707
2812	2716
2813	2575
2814	2525
2814	2663
2814	2685
2815	2448
2816	2528
2817	2432
2818	2566
2819	2818
2820	2663
2821	2799
2821	2801
2822	2534
2822	2535
2823	2822
2824	2534
2824	2535
2825	2824
2826	2656
2826	2821
2827	2562
2828	2736
2829	2541
2829	2542
2829	2828
2833	491
2833	2544
2834	2833
2835	491
2835	2543
2835	2830
2836	491
2836	2543
2836	2831
2837	491
2837	2543
2837	2832
2838	2663
2838	2692
2838	2820
2839	2456
2839	2725
2839	2780
2840	2725
2840	2780
2840	2797
2840	2839
2841	2707
2841	2761
2841	2811
2842	2538
2843	2779
2843	2809
2844	2545
2844	2554
2844	2810
2845	2545
2846	2554
2847	2688
2847	2724
2848	2549
2849	2549
2850	2551
2851	2551
2852	2850
2852	2851
2853	2552
2853	2852
2854	2551
2855	2551
2856	2550
2857	2550
2858	2725
2858	2757
2858	2780
2858	2839
2859	2546
2859	2847
2860	2859
2861	2546
2861	2847
2862	2861
2863	2546
2863	2847
2864	2863
2865	2479
2865	2811
2866	2821
2866	2826
2867	2820
2871	2554
2871	2555
2872	2554
2872	2555
2873	2554
2873	2555
2874	2873
2875	2530
2875	2554
2876	2875
2877	2871
2878	2872
2879	2761
2879	2816
2879	2841
2881	2586
2881	2723
2882	2698
2882	2880
2883	2561
2883	2881
2883	2882
2884	2562
2884	2741
2884	2761
2884	2841
2884	2879
2886	2440
2886	2618
2887	2618
2888	2886
2889	2887
2890	2586
2890	2723
2890	2758
2890	2881
2891	2675
2892	2692
2893	2565
2895	2566
2895	2894
2896	2569
2896	2570
2897	2571
2897	2705
2898	2897
2899	2572
2899	2573
2900	2573
2900	2574
2901	2562
2901	2884
2902	2901
2903	2579
2904	2814
2905	2576
2906	2576
2907	2575
2908	2576
2909	2554
2909	2585
2909	2658
2909	2694
2909	2844
2910	2594
2910	2595
2911	2910
2912	2586
2912	2587
2913	2591
2915	2676
2915	2852
2917	2531
2917	2658
2917	2793
2918	2530
2918	2598
2918	2875
2919	2531
2919	2597
2919	2658
2919	2909
2919	2917
2921	2539
2921	2545
2922	2695
2923	2554
2923	2802
2924	2545
2924	2792
2924	2914
2926	2925
2927	2917
2927	2919
2928	2597
2928	2919
2929	2597
2929	2919
2930	2927
2931	2458
2933	2741
2933	2842
2933	2848
2934	2601
2935	2597
2935	2637
2936	2842
2936	2933
2937	2575
2937	2602
2937	2688
2937	2693
2937	2847
2938	2852
2938	2925
2939	2925
2939	2938
2940	2466
2941	2843
2942	2566
2942	2568
2943	2679
2943	2692
2943	2715
2943	2892
2944	2604
2945	2663
2945	2820
2945	2838
2946	2945
2947	2800
2948	2800
2949	2491
2949	2630
2950	491
2951	2950
2953	2543
2953	2729
2953	2821
2953	2826
2953	2866
2954	2605
2954	2606
2955	2954
2956	2605
2957	2445
2957	2605
2957	2956
2958	2712
2958	2956
2959	2486
2959	2549
2960	2608
2960	2663
2960	2820
2960	2867
2961	2607
2961	2609
2962	2961
2964	2610
2964	2963
2965	2576
2965	2602
2966	2641
2966	2916
2967	2472
2967	2620
2967	2641
2968	2448
2968	2782
2968	2815
2969	2782
2969	2968
2970	2663
2970	2838
2971	2615
2972	2554
2972	2716
2972	2812
2972	2846
2973	2575
2973	2693
2973	2937
2974	2618
2974	2723
2975	2618
2975	2619
2976	2975
2977	2620
2977	2814
2977	2868
2977	2904
2978	2788
2978	2815
2979	2621
2979	2716
2979	2972
2980	2624
2980	2696
2981	2625
2981	2944
2982	2775
2982	2843
2983	2629
2983	2804
2984	2815
2984	2978
2985	2681
2986	2985
2987	2630
2987	2811
2987	2879
2987	2884
2988	2630
2990	2489
2990	2577
2991	2629
2991	2985
2991	2989
2992	2440
2992	2464
2994	2623
2995	2939
2996	2554
2996	2802
2997	2894
2998	2543
2998	2799
2998	2801
2998	2952
2999	2881
3000	2554
3001	2894
3002	2672
3002	2782
3003	2774
3003	3002
3004	2687
3004	2775
3004	2982
3005	2458
3005	2672
3005	2781
3006	2521
3006	2534
3006	2596
3006	2671
3008	3007
3009	2671
3009	3006
3010	2728
3010	2782
3011	2737
3011	2807
3012	2458
3012	2781
3012	2968
3013	2704
3013	2746
3013	2794
3013	2815
3015	2494
3015	2578
3015	3014
3017	2494
3017	2503
3017	3016
3018	2491
3018	2495
3018	2497
3018	2514
3018	2535
3018	2765
3018	2827
3019	2847
3020	2655
3021	2933
3022	2695
3023	2695
3024	2898
3025	2661
3026	2841
3027	2672
3027	2797
3029	2865
3030	2695
3034	2937
3035	2937
3035	3034
3036	2953
3037	2516
3037	2811
3039	2852
3039	2915
3041	2654
3042	2741
3042	2761
3042	2884
3042	2933
3042	3038
3043	2741
3043	2933
3043	3042
3044	2451
3044	2577
3046	2523
3046	3045
3048	2523
3048	2932
3048	3047
3049	3028
3050	2506
3050	2602
3050	3028
3051	2688
3052	2923
3053	2974
3055	2980
3056	2538
3056	2549
3057	3006
3058	2716
3059	2885
3061	2490
3061	2609
3062	2726
3062	2727
3063	2729
3064	2960
3065	2734
3067	2965
3068	2703
3069	2543
3071	3070
3072	3025
3074	3047
3074	3071
3074	3073
3076	3045
3076	3075
3077	2784
3078	2658
3078	2694
3079	2500
3080	2814
3081	2858
3082	2747
3082	3073
3083	2748
3084	2749
3084	3075
3085	2750
3085	3070
3086	2751
3086	3075
3087	2752
3087	3072
3088	2753
3089	2754
3089	3076
3090	2755
3090	3071
3091	2485
3091	2689
3092	2485
3092	2690
3094	2698
3095	2445
3095	2957
3096	2586
3096	2881
3097	2554
3097	2844
3097	2909
3098	2575
3099	2688
3099	3051
3100	2688
3100	2759
3101	2767
3102	3032
3102	3083
3102	3091
3103	3033
3103	3088
3103	3092
3104	2705
3105	2663
3105	2838
3105	2970
3106	2456
3106	2725
3106	3040
3107	2816
3108	2987
3109	2795
3110	2960
3110	3064
3111	2797
3112	2880
3112	2882
3113	2534
3113	2543
3113	2766
3114	2501
3114	2531
3114	2580
3115	2652
3116	2490
3116	2604
3117	2814
3117	3080
3118	2880
3118	2882
3118	3112
3119	2994
3120	2994
3120	3119
3121	2865
3122	2960
3123	2865
3123	2988
3123	3029
3124	2539
3125	2539
3126	3005
3127	2852
3127	2853
3128	3093
3129	2554
3129	3031
3129	3060
3129	3093
3129	3124
3129	3125
3129	3128
3130	3031
3130	3060
3130	3128
3130	3129
3131	2852
3131	2853
3131	3127
3132	2820
3132	2838
3132	2945
3133	2971
3134	2698
3135	2698
3135	3134
3136	2869
3136	3047
3137	2870
3138	3045
3138	3072
3138	3137
3139	2916
3141	2939
3142	2554
3143	2816
3144	2672
3144	3002
3145	3118
3146	2693
3147	2564
3147	2885
3148	2564
3148	2885
3149	2960
3149	3064
3149	3110
3150	2554
3150	3129
3151	2799
3151	2801
3152	2801
3153	2797
3153	2840
3154	2879
3154	2884
3154	2987
3155	2546
3155	2576
3156	2657
3157	2852
3157	2853
3157	2915
3157	2938
3157	3140
3158	2596
3158	3006
3159	2586
3159	2718
3160	3066
3162	2960
3162	3122
3164	2928
3165	2929
3166	3010
3167	3073
3168	2920
3168	3070
3169	2808
3170	2940
3171	2942
3172	2694
3173	2498
3174	2847
3174	2937
3174	3019
3175	2543
3175	2933
3175	3021
3175	3161
3176	2798
3177	2656
3178	2826
3179	2656
3179	2826
3180	2534
3180	2596
3181	2693
3181	3146
3182	2531
3182	2919
3187	2530
3187	2875
3187	2918
3187	3066
3187	3160
3187	3186
3188	2555
3188	2634
3188	3185
3189	2608
3189	2654
3189	3184
3190	2450
3190	2887
3190	3183
3191	2698
3191	2882
3192	2979
3193	2979
3194	2738
3195	3175
3196	2843
3197	2992
3198	2881
3198	2993
3198	2999
3198	3054
3198	3163
3199	2816
3199	2879
3200	2586
3200	2711
3201	2663
3201	2820
3201	2945
3202	2661
3202	3072
3203	3066
3203	3160
3203	3187
3204	2978
3205	2633
3206	2577
3207	2447
3208	2543
3208	2729
3209	2642
3210	3009
3211	2712
3212	2799
3212	2801
3212	2998
3213	2644
3214	2847
3214	3019
3214	3174
3215	2489
3216	2586
3216	2675
3216	2711
3217	2473
3218	2477
3219	2478
3219	3218
3220	2484
3221	2712
3222	2671
3222	3006
3222	3009
3223	2799
3223	2801
3224	2940
3225	2494
3226	2494
3227	2503
3228	2503
3229	2456
3229	2839
3230	2513
3231	2881
3231	2999
3231	3198
3232	2516
3233	2984
3234	2522
3235	2527
3236	2984
3236	3233
3237	2645
3238	2645
3239	2807
3239	3011
3240	2646
3241	2646
3242	2937
3243	2560
3244	2560
3245	2466
3245	2717
3246	2894
3246	2997
3247	3118
3247	3145
3248	2578
3248	3008
3249	2578
3250	3123
3251	2840
3251	3153
3252	2590
3252	3235
3253	2489
3253	3215
3254	2799
3254	2801
3255	2647
3256	2648
3257	2648
3258	2648
3259	2648
3260	2648
3261	2648
3262	2649
3263	2693
3264	2712
3264	2958
3265	3010
3266	2729
3266	2953
3267	2617
3267	3230
3267	3235
3267	3252
3268	2788
3268	2978
3269	2701
3270	3009
3270	3210
3271	2698
3271	3134
3271	3135
3272	2501
3273	2631
3273	3220
3274	2650
3275	2650
3276	2853
3277	2852
3277	2853
3277	2915
3277	3039
3277	3276
3278	2577
3278	3206
3279	2853
3280	2466
3280	2717
3280	3245
3281	2915
3282	2575
3282	3098
3283	3282
3284	2632
3284	3189
3285	2554
3285	2802
3285	3031
3285	3129
3285	3130
3285	3142
3287	2694
3287	2793
3287	3172
3287	3286
3288	2728
3289	2612
3289	2651
3290	2612
3290	2651
3291	3289
3292	3290
3293	2553
3296	3295
3298	3297
3300	3299
3311	3298
3311	3310
3313	3312
3315	3296
3315	3300
3315	3314
3318	3317
3322	3313
3324	3323
3326	3297
3327	3298
3329	3322
3329	3328
3330	3300
3332	3324
3332	3331
3334	3298
3334	3311
3334	3313
3334	3333
3335	3295
3337	3313
3337	3318
3337	3336
3343	3325
3343	3341
3343	3342
3345	3308
3346	3324
3349	3348
3350	3338
3350	3348
3352	3313
3352	3337
3353	3318
3356	3316
3356	3355
3358	3311
3358	3357
3360	3313
3360	3359
3361	3321
3361	3347
3362	3353
3362	3361
3363	3353
3366	3330
3366	3353
3367	3317
3369	3368
3370	3369
3371	3369
3380	3379
3381	3379
3389	3295
3393	3318
3394	3318
3396	3359
3402	3401
3403	3348
3403	3402
3404	3346
3411	3407
3411	3408
3412	3294
3412	3409
3412	3410
3412	3411
3414	3343
3418	3417
3419	3320
3421	3308
3422	3318
3424	3354
3426	3424
3427	3424
3427	3425
3430	3338
3430	3429
3431	3417
3432	3374
3432	3375
3432	3376
3432	3417
3432	3418
3433	3356
3433	3377
3434	3297
3436	3315
3436	3332
3438	3356
3441	3300
3442	3300
3445	3443
3446	3387
3447	3301
3447	3302
3448	3446
3449	3446
3451	3303
3455	3323
3455	3454
3456	3312
3457	3405
3458	3457
3459	3457
3461	3311
3463	3462
3464	3463
3465	3310
3465	3464
3466	3310
3466	3460
3466	3463
3467	3330
3467	3360
3468	3307
3469	3304
3469	3305
3469	3306
3469	3413
3469	3416
3469	3468
3470	3308
3470	3469
3471	3308
3471	3469
3472	3322
3473	3330
3473	3345
3474	3319
3475	3309
3476	3364
3478	3311
3479	3311
3480	3469
3481	3378
3482	3481
3484	3317
3485	3311
3485	3313
3486	3437
3486	3485
3487	3354
3487	3486
3488	3487
3489	3294
3492	3491
3497	3494
3498	3320
3498	3453
3499	3330
3499	3489
3500	3494
3500	3495
3500	3498
3501	3494
3501	3496
3501	3498
3502	3495
3502	3496
3502	3498
3503	3415
3503	3468
3504	3468
3507	3297
3507	3506
3511	3508
3512	3510
3513	3511
3513	3512
3514	3509
3514	3512
3516	3499
3517	3372
3518	3412
3520	3412
3521	3518
3524	3371
3526	3498
3526	3525
3527	3469
3528	3439
3528	3468
3529	3423
3530	3342
3530	3435
3532	3531
3533	3421
3535	3401
3537	3317
3537	3483
3539	3299
3539	3538
3541	3308
3543	3321
3545	3474
3546	3450
3546	3490
3547	3321
3548	3321
3551	3504
3551	3515
3552	3415
3552	3515
3553	3295
3554	2
3554	3423
3555	3402
3557	3545
3558	3317
3558	3522
3559	3300
3559	3330
3561	3487
3561	3513
3562	3329
3562	3352
3563	3384
3563	3543
3564	3354
3564	3512
3565	3325
3565	3435
3565	3513
3565	3564
3566	3400
3566	3419
3568	3372
3568	3437
3568	3486
3569	3297
3570	3356
3572	3523
3573	3326
3574	3320
3574	3344
3575	3320
3575	3344
3577	3327
3578	3569
3578	3577
3579	3577
3580	3365
3580	3560
3581	3309
3581	3331
3581	3390
3582	3331
3583	3330
3584	3
3584	3344
3585	3518
3586	3585
3587	2
3587	3330
3588	2
3588	3330
3589	3439
3589	3570
3590	3573
3590	3576
3591	3357
3591	3440
3592	3385
3592	3469
3593	3469
3594	3294
3594	3313
3597	3309
3598	3597
3599	3352
3599	3472
3601	3427
3602	3356
3602	3571
3602	3572
3605	3542
3606	3556
3606	3604
3607	3606
3608	3321
3609	3372
3609	3428
3610	3401
3610	3556
3611	3316
3611	3432
3612	3605
3613	3353
3613	3549
3613	3583
3614	3469
3615	3443
3615	3469
3616	3452
3616	3592
3617	3333
3617	3507
3618	3546
3619	3546
3620	3430
3621	3317
3621	3468
3622	3372
3622	3456
3623	3302
3623	3346
3624	3428
3624	3524
3625	3591
3626	3316
3626	3399
3626	3584
3627	3413
3627	3498
3628	3308
3628	3420
3628	3499
3629	3338
3629	3600
3630	3335
3632	3303
3632	3631
3633	3313
3633	3322
3635	3339
3636	3635
3638	2
3638	3526
3638	3637
3639	3344
3639	3356
3640	3344
3642	3641
3644	3340
3646	3310
3646	3645
3647	3454
3648	3344
3648	3345
3649	3344
3649	3345
3650	3619
3651	3493
3652	3555
3652	3651
3653	3308
3653	3353
3654	3542
3655	3309
3655	3540
3655	3582
3656	3354
3656	3565
3657	3316
3657	3397
3657	3398
3657	3640
3658	3434
3658	3573
3659	3406
3660	3344
3660	3416
3661	3604
3662	3348
3662	3610
3663	3593
3663	3614
3664	3350
3664	3457
3664	3652
3666	3438
3666	3527
3667	3411
3667	3519
3668	3542
3669	3323
3670	3612
3670	3650
3671	3533
3672	3352
3672	3422
3673	3303
3673	3338
3674	3351
3674	3352
3675	3351
3675	3352
3676	3400
3676	3492
3676	3554
3676	3566
3677	3412
3677	3419
3678	3320
3678	3411
3679	3348
3679	3642
3680	3488
3681	3680
3682	3680
3683	3405
3683	3662
3684	3357
3684	3634
3685	3414
3685	3485
3686	3684
3687	3402
3687	3659
3689	3351
3690	3352
3691	3391
3692	3691
3693	3309
3693	3553
3693	3692
3694	3314
3694	3598
3695	3392
3696	3432
3696	3433
3696	3695
3697	3505
3698	3313
3698	3332
3698	3697
3699	3322
3699	3690
3700	3481
3700	3676
3701	3351
3701	3515
3702	3351
3702	3515
3703	3352
3703	3671
3704	3531
3704	3537
3706	3331
3706	3620
3706	3705
3707	3534
3707	3550
3708	3707
3709	3302
3709	3557
3709	3708
3710	3347
3710	3395
3710	3608
3711	3450
3711	3477
3713	3411
3713	3712
3714	3328
3714	3712
3715	3356
3716	3356
3717	3356
3717	3366
3718	3536
3718	3543
3719	3577
3720	3567
3720	3600
3720	3603
3722	3636
3723	3333
3723	3357
3723	3632
3723	3634
3723	3646
3723	3684
3723	3722
3724	3357
3724	3686
3725	3318
3725	3541
3726	3359
3726	3360
3727	3359
3727	3586
3727	3595
3727	3665
3728	3359
3728	3492
3728	3596
3729	3688
3730	3348
3730	3729
3731	3361
3732	3569
3732	3577
3733	3505
3733	3622
3734	3427
3734	3487
3735	3495
3736	3496
3737	3608
3738	3446
3738	3447
3738	3490
3738	3721
3739	3512
3739	3601
3740	3484
3740	3523
3741	3328
3741	3383
3741	3444
3742	3539
3742	3630
3743	3329
3743	3516
3744	3662
3745	3563
3746	3668
3746	3669
3747	3538
3748	3404
3749	3404
3749	3748
3755	3754
3756	3754
3758	3757
3760	3759
3762	3761
3763	3751
3763	3752
3765	3763
3766	3764
3767	3764
3768	3751
3770	484
3770	693
3771	114
3771	3770
3773	3772
3774	3753
3775	3754
3777	3776
3778	3776
3779	3750
3779	3756
3782	727
3782	3780
3782	3781
3783	3771
3784	3772
3785	3755
3785	3762
3785	3784
3786	3782
3786	3784
3786	3785
3788	3786
3788	3787
3789	3762
3789	3763
3790	3764
3790	3788
3791	3781
3793	3758
3793	3759
3793	3776
3793	3792
3794	3751
3794	3752
3795	3794
3796	3774
3796	3795
3798	3775
3798	3777
3798	3778
3798	3785
3798	3797
3799	3782
3799	3786
3800	3797
3801	3798
3802	3767
3802	3782
3803	3796
3804	3803
3805	3753
3805	3803
3808	3807
3810	3776
3812	3811
3814	3813
3817	3780
3818	3817
3820	3816
3822	3811
3822	3816
3823	3793
3824	3823
3826	3772
3826	3825
3829	3828
3831	3830
3832	3812
3832	3815
3833	3831
3834	3833
3836	3835
3837	3784
3838	3830
3839	3767
3839	3768
3839	3769
3839	3807
3839	3814
3840	3839
3841	3839
3842	3784
3843	3784
3843	3825
3844	3813
3844	3841
3845	3808
3845	3839
3845	3844
3848	3772
3848	3847
3850	3816
3850	3832
3851	3835
3852	3780
3852	3851
3854	3853
3855	3797
3856	3780
3856	3835
3857	3828
3857	3854
3858	3787
3858	3810
3860	3848
3860	3859
3862	3854
3863	3839
3864	3775
3864	3806
3864	3827
3864	3835
3864	3852
3865	3806
3865	3812
3865	3864
3867	3866
3869	3784
3869	3860
3871	3782
3871	3783
3871	3870
3872	3780
3873	3846
3873	3868
3874	3846
3875	3874
3876	3809
3877	3797
3878	3797
3878	3877
3879	3876
3880	3784
3880	3835
3881	3819
3882	3823
3883	3882
3884	3759
3886	3885
3887	3787
3888	3797
3889	3855
3889	3888
3890	3818
3891	3818
3891	3888
3892	3787
3893	3876
3894	3780
3894	3824
3895	3809
3896	3789
3896	3790
3896	3830
3896	3831
3896	3838
3896	3849
3896	3868
3896	3873
3896	3875
3897	3787
3897	3821
3899	3813
3899	3898
3901	3830
3901	3896
3901	3900
3902	3808
3902	3863
3903	3861
3903	3892
3904	3826
3904	3861
3904	3875
3904	3903
3905	3794
3905	3866
3905	3867
3905	3879
3905	3885
3905	3886
3905	3895
3906	3786
3906	3905
3907	3839
3907	3867
3908	3837
3908	3864
3909	3815
3909	3827
3910	3889
3910	3891
3911	3884
3912	3873
3913	3824
3913	3856
3914	3824
3915	3862
3915	3886
3916	3872
3916	3894
3917	3797
3917	3872
3917	3878
3917	3882
3918	3883
3918	3911
3918	3917
3919	3802
3919	3827
3919	3837
3919	3899
3919	3912
3920	3834
3920	3896
3921	3849
3921	3896
3922	3776
3922	3810
3923	3776
3923	3793
3923	3914
3924	3840
3924	3898
3925	3924
3926	3881
3926	3902
3926	3909
3927	3763
3928	3849
3928	3896
3928	3904
3929	3803
3929	3805
3930	3874
3931	3758
3931	3810
3932	3758
3932	3931
3933	3750
3933	3763
3934	3898
3934	3919
3935	3797
3936	3763
3936	3789
3937	3753
3937	3803
3938	3791
3938	3798
3939	3767
3939	3804
3939	3893
3940	3799
3941	3799
3942	3799
3944	3769
3944	3779
3944	3943
3945	3803
3945	3828
3946	3810
3947	3764
3951	3950
3957	3949
3958	3957
3960	3959
3963	3961
3963	3962
3964	3957
3966	3958
3966	3965
3967	3955
3970	3956
3970	3968
3970	3969
3972	3970
3972	3971
3973	3971
3974	3948
3976	3951
3976	3952
3979	3949
3980	3958
3980	3960
3980	3977
3980	3978
3980	3979
3981	3952
3981	3980
3983	519
3984	3954
3984	3982
3985	3974
3986	3967
3986	3985
3987	3986
3988	427
3988	3986
3990	3958
3992	3991
3993	3973
3995	3976
3996	3955
3996	3974
3998	3960
3998	3997
3999	3950
4000	3959
4000	3964
4001	3954
4001	3984
4002	4001
4003	3966
4004	3992
4005	3963
4006	3973
4007	3989
4008	4007
4009	3958
4009	3960
4012	3960
4013	3949
4013	3993
4014	3993
4017	3959
4017	3997
4018	4012
4019	4010
4021	3980
4021	4001
4021	4003
4021	4020
4022	3993
4023	2718
4024	2718
4024	3961
4025	2940
4026	3991
4026	4016
4027	4025
4028	3980
4029	4006
4029	4013
4030	3972
4030	4001
4030	4015
4030	4029
4031	4002
4032	3958
4032	4030
4032	4031
4033	4030
4034	3994
4034	4016
4034	4027
4035	3961
4035	4004
4035	4023
4035	4034
4036	2343
4036	3983
4037	4005
4037	4011
4038	4010
4038	4019
4039	3982
4039	4015
4039	4037
4039	4038
4040	4031
4040	4037
4041	3953
4042	3967
4042	4031
4042	4041
4043	4042
4044	4042
4046	3962
4046	4045
4047	4010
4047	4046
4048	3963
4048	4003
4048	4011
4049	3989
4050	4008
4050	4041
4050	4049
4051	3999
4053	4052
4054	4051
4054	4052
4056	3956
4056	4055
4057	3956
4057	4008
4058	4035
4059	4016
4059	4058
4061	4060
4062	4060
4063	3955
4063	4062
4064	3967
4064	4061
4065	3955
4065	3967
4066	3996
4066	4061
4067	4042
4067	4066
4068	3983
4069	3995
4069	4068
4070	4053
4071	4053
4072	4061
4073	3972
4074	4073
4075	4074
4076	4074
4077	4074
4079	3975
4079	3987
4079	4078
4080	4010
4081	4030
4081	4037
4081	4039
4081	4048
4081	4080
4085	4083
4085	4084
4087	4082
4087	4085
4087	4086
4090	4089
4091	4085
4091	4087
4093	4092
4100	2557
4100	4085
4102	4101
4103	4094
4105	4104
4106	4070
4106	4071
4106	4096
4107	4097
4107	4106
4108	4107
4110	4107
4110	4109
4111	4100
4112	482
4113	130
4113	4112
4114	476
4115	4114
4117	4093
4119	4118
4121	109
4121	523
4121	4120
4122	4091
4122	4111
4125	4119
4125	4123
4125	4124
4129	4126
4129	4127
4129	4128
4130	2441
4130	2563
4132	4131
4134	4133
4136	4135
4137	4098
4139	4111
4139	4135
4139	4138
4144	4122
4144	4141
4144	4142
4144	4143
4145	4107
4146	527
4147	4145
4147	4146
4148	4099
4148	4107
4149	2441
4149	4115
4150	4115
4151	4122
4152	4103
4152	4140
4152	4148
4153	4095
4153	4104
4153	4152
4155	4119
4155	4139
4155	4154
4157	4111
4157	4133
4157	4155
4157	4156
4158	4138
4159	4135
4160	4119
4160	4155
4161	4091
4163	4087
4163	4139
4163	4159
4163	4162
4164	4120
4164	4153
4165	571
4165	4121
4165	4164
4166	4153
4167	4088
4169	4168
4170	4168
4172	4148
4172	4171
4173	2622
4173	4088
4173	4100
4173	4116
4173	4163
4174	475
4174	4112
4174	4150
4175	4165
4176	4140
4177	4176
4180	843
4180	4121
4180	4165
4180	4178
4180	4179
4182	4167
4183	4181
4184	4183
4185	4108
4186	4185
4187	4129
4188	4090
4188	4116
4188	4181
4189	4090
4189	4167
4189	4188
4190	4093
4194	4155
4194	4163
4194	4173
4194	4191
4194	4192
4194	4193
4195	4157
4195	4173
4197	4132
4197	4168
4197	4181
4197	4188
4197	4196
4200	3764
4200	3786
4200	3804
4200	3906
4200	4198
4200	4199
4201	4098
4202	4112
4202	4129
4203	4122
4203	4151
4203	4200
4204	4188
4205	4148
4205	4172
4207	4102
4207	4161
4207	4200
4208	4165
4208	4175
4208	4207
4209	4093
4209	4167
4210	4152
4211	4182
4212	565
4212	4116
4212	4134
4212	4188
4213	4152
4214	4113
4214	4208
4215	4167
4215	4190
4216	4152
4217	4164
4217	4216
4218	4091
4218	4161
4218	4207
4219	4088
4219	4173
4219	4188
4219	4195
4219	4206
4220	2544
4220	4165
4220	4219
4222	4112
4222	4129
4222	4202
4222	4221
4223	4098
4223	4137
4223	4222
4224	4158
4225	4139
4226	4104
4227	4183
4228	4102
4228	4200
4229	4158
4230	4158
4231	4159
4232	4159
4233	4159
4234	4158
4235	4194
4236	4204
4237	4204
4239	4138
4240	4118
4241	4118
4242	4101
4243	4156
4244	4111
4244	4238
4245	4101
4246	4098
4247	4098
4248	4247
4249	4247
4250	4156
4252	4162
4253	4128
4254	4154
4255	4196
4257	4204
4258	4196
4259	4156
4260	4138
4261	4101
4262	4204
4263	4204
4265	4215
4265	4256
4265	4264
4266	2622
4266	4251
4267	4196
4268	4088
4269	4112
4270	4161
4271	4225
4272	4225
4273	4225
4274	4225
4275	4225
4276	4225
4280	4095
4280	4277
4280	4278
4280	4279
4281	4176
4282	4099
4283	4099
4284	4099
4285	4189
4286	4094
4286	4120
4287	4205
4288	4205
4289	4166
4290	4166
4291	4181
4292	4280
4293	4292
4294	4292
4295	4292
4296	4182
4297	4182
4298	4182
4299	4182
4300	4089
4301	4187
4302	4219
4303	4302
4304	4302
4305	4203
4306	4103
4306	4213
4307	4103
4308	4306
4309	4210
4310	4210
4311	4210
4312	4210
4313	4210
4314	4211
4315	4211
4316	4211
4317	4211
4318	2557
4318	2622
4318	4102
4318	4129
4318	4175
4318	4187
4318	4222
4319	4300
4320	4300
4321	4115
4322	4285
4323	4285
4324	4130
4325	4130
4326	4149
4327	4150
4332	4329
4332	4330
4336	4333
4336	4335
4337	4333
4341	4333
4341	4334
4341	4340
4342	322
4343	4328
4343	4337
4343	4339
4346	4337
4346	4343
4346	4344
4347	4329
4347	4337
4347	4346
4348	4333
4348	4336
4348	4337
4348	4346
4352	4351
4353	4345
4356	4334
4358	4334
4358	4341
4358	4347
4358	4357
4360	4334
4360	4352
4360	4359
4361	4347
4362	4337
4362	4344
4362	4346
4363	254
4364	4353
4364	4363
4365	4359
4365	4360
4366	4343
4366	4346
4368	4367
4369	4343
4369	4346
4369	4366
4369	4368
4370	4364
4371	4364
4372	4360
4372	4365
4373	4360
4373	4362
4373	4365
4373	4366
4373	4372
4374	4337
4374	4344
4374	4346
4374	4362
4374	4365
4374	4366
4374	4373
4375	4342
4375	4353
4375	4368
4375	4370
4375	4371
4376	4328
4376	4343
4376	4369
4377	4342
4377	4353
4377	4368
4377	4375
4378	4330
4378	4347
4378	4354
4378	4358
4381	4360
4381	4372
4381	4380
4382	4333
4382	4336
4382	4337
4382	4346
4382	4347
4382	4348
4382	4353
4382	4376
4384	4334
4384	4360
4384	4365
4385	4345
4385	4353
4385	4375
4385	4377
4386	4333
4386	4345
4386	4385
4387	4338
4387	4385
4388	4328
4389	4360
4392	4333
4392	4334
4392	4356
4392	4373
4392	4384
4392	4390
4392	4391
4393	4328
4393	4353
4393	4368
4393	4370
4393	4371
4393	4375
4393	4377
4393	4385
4396	4334
4396	4337
4396	4341
4396	4346
4396	4362
4396	4373
4396	4374
4396	4384
4396	4392
4396	4394
4397	4354
4397	4374
4397	4392
4397	4395
4397	4396
4398	4372
4398	4383
4399	4333
4399	4336
4399	4348
4399	4353
4399	4382
4400	4344
4400	4366
4400	4383
4401	4333
4401	4341
4402	4331
4402	4345
4402	4353
4402	4385
4402	4393
4403	4333
4403	4336
4403	4338
4403	4348
4403	4350
4403	4382
4403	4385
4403	4387
4403	4399
4403	4402
4404	4356
4404	4384
4405	4343
4405	4355
4405	4368
4405	4369
4406	4362
4406	4374
4407	4346
4407	4362
4408	4332
4408	4347
4408	4358
4409	4345
4409	4353
4409	4382
4409	4385
4409	4402
4410	4346
4410	4361
4411	4328
4411	4355
4411	4393
4411	4405
4412	4343
4412	4369
4413	4354
4413	4374
4414	4333
4414	4345
4414	4353
4414	4385
4414	4386
4414	4402
4414	4409
4415	4405
4416	264
4416	4379
4416	4387
4417	4352
4417	4359
4417	4360
4417	4372
4417	4381
4418	4347
4418	4349
4418	4358
4419	4347
4419	4362
4420	4346
4420	4362
4422	4421
4424	239
4425	4423
4426	354
4427	355
4429	327
4430	4428
4431	4427
4432	310
4433	4423
4434	4432
4436	291
4436	4422
4436	4433
4436	4435
4437	4422
4437	4436
4438	1120
4440	4437
4440	4438
4440	4439
4442	4438
4442	4440
4442	4441
4443	4422
4443	4437
4443	4442
4444	4428
4444	4443
4445	831
4446	23
4446	2563
4447	24
4447	85
4447	92
4447	476
4447	494
4449	50
4449	86
4449	522
4449	2563
4449	4446
4449	4448
4455	4452
4455	4453
4456	4454
4457	4456
4458	844
4459	515
4459	522
4459	570
4459	830
4459	838
4459	857
4459	2441
4459	4120
4459	4445
4459	4449
4459	4455
4459	4456
4459	4458
4460	100
4460	4459
4462	25
4462	85
4462	133
4462	2563
4462	4447
4462	4461
4463	827
4463	4445
4463	4450
4463	4451
4464	4459
4465	4459
4466	4459
4467	4459
4475	4474
4476	4472
4477	3363
4477	4475
4478	4477
4479	3379
4480	4479
4482	4481
4484	4483
4486	4468
4486	4469
4486	4479
4486	4481
4488	4487
4492	2424
4493	4492
4497	4486
4500	4499
4501	4491
4501	4499
4502	4484
4502	4501
4504	4503
4507	4506
4508	2242
4508	4470
4509	4474
4510	3364
4510	4490
4511	4494
4515	4514
4518	4517
4519	4513
4521	4520
4522	4521
4523	4505
4527	4470
4529	4528
4530	4489
4531	4486
4534	4487
4536	2249
4536	4508
4536	4535
4537	2249
4541	4485
4542	4535
4543	4509
4543	4532
4544	4493
4546	4524
4546	4529
4547	4507
4548	4498
4548	4534
4550	4549
4551	4487
4553	2410
4554	4468
4554	4496
4555	4517
4555	4523
4560	4476
4562	4504
4562	4558
4563	4489
4564	2424
4566	4565
4568	4538
4568	4567
4569	4554
4571	3365
4572	4571
4574	2250
4574	4573
4575	4478
4575	4574
4576	4509
4577	4550
4580	4525
4580	4545
4580	4556
4581	4492
4582	4514
4583	3353
4583	4493
4583	4582
4585	4492
4585	4552
4586	4516
4587	4552
4588	4586
4589	4488
4589	4541
4590	4505
4590	4586
4590	4587
4591	4472
4591	4483
4593	4521
4593	4556
4595	4575
4596	4575
4597	4495
4597	4533
4598	4520
4598	4539
4599	4514
4599	4580
4601	4506
4602	4486
4603	4470
4603	4565
4603	4566
4604	3332
4606	4474
4606	4605
4607	4498
4607	4548
4608	4513
4609	4608
4611	4490
4612	4532
4612	4594
4612	4603
4613	4563
4614	4469
4614	4513
4615	4517
4615	4571
4617	4494
4618	4474
4618	4504
4619	4535
4620	4606
4621	4521
4621	4523
4622	4571
4622	4578
4623	4561
4623	4563
4623	4584
4624	4584
4625	4551
4625	4601
4626	4620
4627	4470
4627	4511
4628	4553
4629	3644
4629	4477
4629	4572
4631	4608
4632	2242
4632	4537
4633	2410
4634	4622
4635	2356
4636	4593
4637	4509
4637	4611
4638	4570
4638	4620
4639	4549
4640	4471
4641	4566
4642	4603
4642	4641
4643	4638
4644	4512
4644	4558
4644	4616
4645	4609
4645	4644
4646	4642
4647	4474
4649	4491
4649	4550
4649	4557
4650	2410
4650	4628
4651	4532
4652	4533
4652	4542
4652	4570
4653	2250
4653	4475
4653	4553
4653	4574
4653	4645
4653	4652
4654	4630
4655	4524
4655	4602
4655	4616
4655	4654
4656	3337
4656	4480
4656	4482
4656	4609
4657	4575
4657	4656
4658	4591
4660	4496
4660	4525
4660	4582
4661	2388
4661	4494
4661	4507
4661	4659
4662	4518
4662	4578
4663	4477
4663	4544
4663	4629
4663	4662
4665	4510
4665	4634
4665	4664
4666	4592
4667	4555
4668	4568
4669	4646
4670	4492
4670	4516
4671	4557
4672	4473
4673	4631
4674	4535
4675	4500
4675	4648
4675	4672
4676	4543
4676	4647
4677	4471
4677	4529
4677	4673
4678	3361
4678	4561
4679	3362
4679	4477
4679	4678
4680	4563
4680	4569
4684	4617
4684	4635
4684	4683
4685	4564
4685	4678
4687	4526
4687	4538
4687	4610
4687	4668
4687	4686
4688	4531
4688	4658
4689	4485
4689	4661
4690	4640
4690	4671
4691	4609
4691	4690
4692	4519
4692	4690
4695	4589
4695	4693
4696	2415
4696	4694
4696	4695
4697	4513
4700	4521
4700	4698
4700	4699
4701	4547
4701	4559
4701	4659
4702	4555
4703	4495
4703	4512
4704	4488
4704	4607
4712	4705
4714	4708
4715	4706
4715	4711
4717	4707
4717	4708
4720	4553
4720	4707
4721	4718
4723	4535
4723	4579
4724	4592
4724	4652
4724	4723
4725	4711
4728	4713
4728	4716
4728	4726
4729	4709
4729	4710
4729	4713
4729	4718
4730	4709
4730	4710
4732	4719
4733	4714
4733	4720
4734	4628
4734	4709
4736	4712
4736	4725
4737	4721
4737	4728
4738	4719
4739	4732
4739	4735
4740	4650
4740	4722
4740	4738
4741	4734
4743	4740
4743	4742
4744	2210
4744	4633
4745	4735
4746	4706
4746	4734
4747	4705
4747	4709
4748	4741
4748	4742
4749	4729
4749	4731
4750	2410
4750	4727
4751	4650
4752	4716
4752	4722
4752	4731
4752	4745
4752	4751
4753	4709
4754	2410
4754	4650
4755	4726
4755	4750
4755	4754
4756	4722
4757	4727
4758	4734
4759	4756
4760	3335
4760	4526
4762	4571
4762	4761
4764	4540
4764	4567
4765	4501
4766	4501
4767	4471
4768	4497
4768	4530
4769	4523
4769	4763
4770	4768
4771	4770
4772	4539
4772	4682
4772	4686
4773	4483
4774	4610
4775	4728
4776	4728
4777	4621
4778	4762
4779	4519
4780	4668
4781	4780
4782	4692
4783	4519
4785	4727
4785	4750
4785	4784
4787	4627
4787	4786
4789	4589
4790	4541
4792	4617
4792	4791
4793	4789
4794	4704
4794	4793
4795	4788
4795	4794
4796	4793
4797	4470
4798	4494
4799	4498
4800	4543
4800	4676
4801	4521
4802	4521
4803	4521
4804	4527
4805	4527
4806	4539
4807	4539
4808	4539
4809	4540
4810	4540
4812	4562
4813	4756
4814	4565
4815	4565
4816	4565
4817	4542
4818	4817
4819	4698
4821	4576
4821	4600
4821	4603
4821	4820
4822	4641
4823	4799
4824	4674
4824	4811
4825	4781
4826	4682
4827	4533
4827	4652
4827	4681
4828	4671
4828	4783
4831	3323
4832	3332
4832	4831
4833	4478
4837	4836
4838	2313
4838	4833
4838	4837
4842	4833
4842	4841
4843	4841
4844	4841
4845	4842
4846	3455
4846	4831
4848	4835
4849	4847
4849	4848
4850	2397
4850	4837
4851	3382
4851	3386
4855	2266
4855	4854
4856	981
4856	4852
4860	2366
4860	4857
4860	4858
4861	4853
4861	4859
4861	4860
4862	3296
4862	4538
4863	3544
4864	4863
4865	3319
4866	3338
4867	4538
4867	4829
4867	4830
4868	4475
4868	4841
4868	4862
4868	4867
4869	4868
4870	4868
4872	4857
4874	4849
4874	4873
4875	4830
4876	3342
4876	3370
4877	3334
4877	3343
4877	4484
4877	4876
4878	4864
4879	3373
4879	3388
4879	4848
4879	4863
4880	4865
4880	4879
4881	4871
4882	4839
4882	4879
4883	139
4883	4853
4884	3349
4884	4849
4884	4877
4885	4829
4885	4837
4885	4875
4886	3643
4886	3650
4886	4875
4886	4878
4887	4886
4888	4842
4888	4865
4888	4887
4889	3346
4889	4887
4890	4833
4890	4888
4890	4889
4891	4839
4891	4873
4892	4874
4893	4852
4894	69
4894	4872
4894	4892
4894	4893
4895	1031
4895	4894
4897	4834
4898	2215
4898	4829
4898	4837
4898	4855
4899	4834
4900	4832
4900	4899
4901	4849
4901	4881
4901	4889
4903	1034
4903	4880
4903	4902
4904	4840
4905	4839
4905	4840
4906	4873
4906	4904
4908	4902
4908	4907
4909	4851
4909	4907
4910	4851
4910	4902
4914	4871
4915	4879
4915	4911
4916	4881
4917	4835
4918	4873
4919	4914
4920	4909
4921	4879
4922	4902
4922	4912
4923	4851
4923	4918
4924	4835
4924	4866
4924	4913
4925	4879
4925	4911
4925	4919
4926	4868
4926	4896
4926	4900
4927	4897
4927	4899
4928	4696
4929	777
4929	4928
4930	4929
4931	4
4932	4931
4935	783
4935	4933
4935	4934
4936	4933
4938	4931
4938	4936
4939	4930
4939	4937
4940	4934
4941	820
4941	4940
