1	2
3	4
5	6
7	8
7	9
7	10
11	12
13	14
5	15
5	16
17	18
17	19
17	20
21	22
5	23
24	21
24	22
25	26
27	28
29	26
27	30
20	18
31	32
31	33
4	34
35	36
35	37
35	38
33	32
33	39
33	40
41	31
41	14
42	26
42	43
8	12
8	44
8	45
17	46
17	40
47	48
49	48
25	50
51	52
53	36
54	47
55	56
55	57
28	58
57	56
4	51
59	34
52	34
2	60
61	62
61	36
61	47
61	37
48	54
11	29
13	63
4	11
4	64
64	11
65	9
62	48
49	66
49	67
68	69
68	70
70	69
70	71
72	73
59	74
17	75
54	29
76	4
47	29
47	76
37	62
77	78
79	31
80	62
80	31
16	62
16	35
4	81
4	82
48	83
49	62
49	35
49	84
49	85
25	36
59	86
59	87
3	11
88	25
36	89
76	8
76	7
47	59
90	91
90	42
11	47
16	28
16	27
49	92
60	17
73	93
61	35
94	27
62	36
32	95
7	82
93	96
93	4
97	4
96	82
96	72
96	36
4	38
4	98
4	99
4	100
4	101
29	4
82	11
49	102
102	85
100	59
95	74
103	104
103	105
72	82
67	66
39	106
39	107
39	52
59	93
106	100
106	34
107	93
108	101
109	31
3	98
3	99
73	95
73	33
73	36
73	37
110	95
110	33
110	36
110	37
83	35
83	88
83	56
60	10
60	105
53	47
111	47
23	112
113	114
26	73
38	34
38	64
97	76
12	64
12	76
11	34
11	76
4	12
81	34
81	64
81	82
81	53
82	64
82	53
115	64
98	64
98	82
98	59
3	34
76	34
67	71
13	27
31	73
58	47
48	116
59	51
78	117
10	118
8	118
115	88
115	4
88	36
73	96
119	58
36	37
97	120
88	12
88	74
88	45
54	58
53	61
121	16
110	96
84	102
59	114
16	13
11	61
24	122
22	122
17	8
17	7
43	25
27	121
71	69
13	30
123	124
125	7
18	7
15	73
46	7
126	40
10	8
53	4
29	62
48	92
127	53
77	22
77	17
77	36
77	53
124	48
53	88
