4	883
11	74
11	134
11	206
11	281
14	187
15	44
15	221
21	102
21	120
21	166
21	167
21	191
21	202
21	228
21	335
21	382
21	852
21	858
21	861
21	1077
21	1078
21	1280
44	221
55	381
55	490
55	497
55	499
55	506
55	510
55	512
55	513
55	531
55	532
55	537
55	543
55	571
55	579
55	906
63	90
63	289
63	292
63	416
64	115
64	831
74	134
74	206
74	281
85	868
85	1244
88	331
88	474
88	533
88	563
90	289
90	292
90	416
102	120
102	166
102	167
102	191
102	202
102	228
102	335
102	382
102	852
102	858
102	861
102	1077
102	1078
102	1280
111	371
111	401
111	500
111	540
112	224
112	226
112	261
112	369
112	383
112	432
115	831
120	166
120	167
120	191
120	202
120	228
120	335
120	382
120	852
120	858
120	861
120	1077
120	1078
120	1280
122	1279
133	340
134	206
134	281
142	1112
142	1288
153	1103
166	167
166	191
166	202
166	228
166	335
166	382
166	852
166	858
166	861
166	1077
166	1078
166	1280
167	191
167	202
167	228
167	335
167	382
167	852
167	858
167	861
167	1077
167	1078
167	1280
171	575
171	1044
191	202
191	228
191	335
191	382
191	852
191	858
191	861
191	1077
191	1078
191	1280
193	224
202	228
202	335
202	382
202	852
202	858
202	861
202	1077
202	1078
202	1280
206	281
220	341
220	990
220	1034
222	714
224	226
224	261
224	369
224	383
224	432
226	261
226	369
226	383
226	432
228	335
228	382
228	852
228	858
228	861
228	1077
228	1078
228	1280
232	395
241	745
241	1036
241	1093
241	1135
241	1226
247	1155
260	890
260	1042
261	369
261	383
261	432
270	339
270	352
270	388
270	400
270	414
270	428
270	443
270	948
270	1109
271	663
275	698
278	353
278	427
278	477
278	509
278	514
278	553
278	580
286	913
289	292
289	416
292	416
303	648
303	709
303	850
310	390
310	610
310	612
310	697
316	324
316	823
321	769
324	823
326	860
331	474
331	533
331	563
335	382
335	852
335	858
335	861
335	1077
335	1078
335	1280
339	352
339	388
339	400
339	414
339	428
339	443
339	948
339	1109
341	990
341	1034
342	392
342	1204
348	978
350	413
352	388
352	400
352	414
352	428
352	443
352	948
352	1109
353	427
353	477
353	509
353	514
353	553
353	580
369	383
369	432
371	401
371	500
371	540
373	378
375	429
375	431
375	455
379	385
381	490
381	497
381	499
381	506
381	510
381	512
381	513
381	531
381	532
381	537
381	543
381	571
381	579
381	906
382	852
382	858
382	861
382	1077
382	1078
382	1280
383	432
388	400
388	414
388	428
388	443
388	948
388	1109
390	610
390	612
390	697
392	1204
400	414
400	428
400	443
400	948
400	1109
401	500
401	540
414	428
414	443
414	948
414	1109
415	867
426	700
427	477
427	509
427	514
427	553
427	580
428	443
428	948
428	1109
429	431
429	455
431	455
443	948
443	1109
447	774
447	777
447	779
471	1128
474	533
474	563
475	1095
476	484
476	503
476	520
476	530
476	910
476	970
476	1172
477	509
477	514
477	553
477	580
478	1047
483	508
483	518
483	566
484	503
484	520
484	530
484	910
484	970
484	1172
490	497
490	499
490	506
490	510
490	512
490	513
490	531
490	532
490	537
490	543
490	571
490	579
490	906
492	1201
492	1271
497	499
497	506
497	510
497	512
497	513
497	531
497	532
497	537
497	543
497	571
497	579
497	906
499	506
499	510
499	512
499	513
499	531
499	532
499	537
499	543
499	571
499	579
499	906
500	540
503	520
503	530
503	910
503	970
503	1172
506	510
506	512
506	513
506	531
506	532
506	537
506	543
506	571
506	579
506	906
508	518
508	566
509	514
509	553
509	580
510	512
510	513
510	531
510	532
510	537
510	543
510	571
510	579
510	906
512	513
512	531
512	532
512	537
512	543
512	571
512	579
512	906
513	531
513	532
513	537
513	543
513	571
513	579
513	906
514	553
514	580
516	547
518	566
520	530
520	910
520	970
520	1172
530	910
530	970
530	1172
531	532
531	537
531	543
531	571
531	579
531	906
532	537
532	543
532	571
532	579
532	906
533	563
536	889
537	543
537	571
537	579
537	906
543	571
543	579
543	906
553	580
571	579
571	906
575	1044
579	906
583	587
587	588
610	612
610	697
612	697
614	735
629	676
629	697
629	764
631	664
634	1180
648	709
648	850
676	697
676	764
685	911
685	919
685	979
685	1160
697	764
709	850
733	760
739	1169
745	1036
745	1093
745	1135
745	1226
774	777
774	779
777	779
805	898
825	921
825	1012
825	1055
825	1067
825	1119
832	1221
852	858
852	861
852	1077
852	1078
852	1280
858	861
858	1077
858	1078
858	1280
861	1077
861	1078
861	1280
868	1244
882	1246
888	1287
890	1042
910	970
910	1172
911	919
911	979
911	1160
915	924
919	979
919	1160
921	1012
921	1055
921	1067
921	1119
923	954
926	1066
926	1219
929	1064
943	1141
948	1109
955	1069
967	994
968	1246
970	1172
979	1160
990	1034
1012	1055
1012	1067
1012	1119
1025	1232
1036	1093
1036	1135
1036	1226
1039	1194
1055	1067
1055	1119
1066	1219
1067	1119
1077	1078
1077	1280
1078	1280
1079	1182
1085	1193
1085	1252
1093	1135
1093	1226
1097	1220
1112	1288
1117	1167
1133	1225
1135	1226
1186	1243
1193	1252
1201	1271
