1	44
1	425
1	445
1	465
1	484
1	487
1	589
2	438
2	614
2	756
2	757
3	145
3	148
3	149
3	150
3	426
3	428
3	505
3	530
3	531
3	569
3	576
3	577
4	5
4	7
4	11
4	30
4	31
4	163
4	164
4	165
4	166
4	167
4	168
4	184
4	214
4	215
4	430
4	442
4	455
4	581
4	590
4	591
4	592
4	593
4	594
4	595
4	641
4	642
5	8
5	11
5	184
5	214
5	215
5	430
5	436
5	596
5	641
5	642
6	7
6	8
6	70
6	216
6	217
6	431
6	432
6	643
6	644
7	8
7	11
7	30
7	31
7	163
7	164
7	165
7	166
7	167
7	168
7	216
7	217
7	431
7	432
7	442
7	455
7	581
7	590
7	591
7	592
7	593
7	594
7	595
7	643
7	644
8	11
8	216
8	217
8	431
8	432
8	436
8	596
8	643
8	644
9	17
9	170
9	171
9	172
9	442
9	598
9	599
9	600
10	21
10	195
10	196
10	197
10	434
10	446
10	447
10	622
10	623
10	624
10	625
10	632
11	30
11	31
11	163
11	164
11	165
11	166
11	167
11	168
11	436
11	442
11	455
11	581
11	590
11	591
11	592
11	593
11	594
11	595
11	596
12	13
12	192
12	196
12	205
12	245
12	290
12	437
12	438
12	477
12	716
13	61
13	379
13	380
13	381
13	382
13	383
13	384
13	437
13	438
13	488
13	799
13	806
13	807
13	808
13	809
13	810
13	811
14	15
14	16
14	27
14	53
14	54
14	439
14	440
14	441
14	480
14	481
15	16
15	28
15	67
15	439
15	440
15	441
15	480
15	492
15	494
16	27
16	28
16	29
16	174
16	175
16	176
16	177
16	178
16	179
16	180
16	181
16	439
16	440
16	441
16	452
16	453
16	602
16	603
16	604
16	605
16	606
16	607
16	608
16	609
17	31
17	170
17	171
17	172
17	442
17	598
17	599
17	600
18	20
18	205
18	206
18	220
18	445
18	619
18	623
18	633
18	634
19	22
19	23
19	192
19	193
19	194
19	443
19	448
19	449
19	619
19	620
19	621
20	41
20	44
20	220
20	257
20	425
20	434
20	445
20	467
20	468
20	601
21	195
21	196
21	197
21	446
21	447
21	622
21	623
21	624
21	625
22	23
22	192
22	193
22	194
22	443
22	446
22	448
22	449
22	619
22	620
22	621
22	632
23	192
23	193
23	194
23	443
23	448
23	449
23	619
23	620
23	621
24	173
24	384
24	390
24	396
24	401
24	407
24	416
24	419
24	420
24	601
24	805
24	837
24	845
24	846
25	26
25	183
25	214
25	216
25	218
25	219
25	327
25	449
25	450
25	451
25	600
25	613
25	645
25	646
25	647
25	664
25	753
26	64
26	218
26	219
26	339
26	449
26	450
26	451
26	475
26	600
26	613
26	620
26	624
26	633
26	645
26	646
26	647
26	673
26	716
27	28
27	29
27	53
27	54
27	174
27	175
27	176
27	177
27	178
27	179
27	180
27	181
27	452
27	453
27	480
27	481
27	602
27	603
27	604
27	605
27	606
27	607
27	608
27	609
28	29
28	67
28	174
28	175
28	176
28	177
28	178
28	179
28	180
28	181
28	452
28	453
28	480
28	492
28	494
28	602
28	603
28	604
28	605
28	606
28	607
28	608
28	609
29	66
29	68
29	174
29	175
29	176
29	177
29	178
29	179
29	180
29	181
29	441
29	452
29	453
29	481
29	494
29	602
29	603
29	604
29	605
29	606
29	607
29	608
29	609
30	31
30	163
30	164
30	165
30	166
30	167
30	168
30	442
30	455
30	581
30	590
30	591
30	592
30	593
30	594
30	595
31	163
31	164
31	165
31	166
31	167
31	168
31	442
31	455
31	581
31	590
31	591
31	592
31	593
31	594
31	595
32	188
32	189
32	190
32	616
32	617
33	34
33	71
33	153
33	165
33	200
33	222
33	226
33	227
33	228
33	229
33	358
33	457
33	458
33	459
33	653
33	654
33	655
33	656
33	657
33	785
34	63
34	153
34	165
34	200
34	222
34	226
34	227
34	228
34	229
34	309
34	457
34	458
34	459
34	653
34	654
34	655
34	656
34	657
34	735
35	37
35	47
35	189
35	212
35	460
35	478
35	495
36	37
36	188
36	461
36	639
37	47
37	188
37	461
37	478
37	495
37	639
38	52
38	387
38	399
38	405
38	408
38	409
38	410
38	411
38	462
38	493
38	801
38	807
38	820
38	835
38	836
38	837
39	262
39	357
39	463
39	779
39	783
39	784
40	48
40	50
40	258
40	326
40	386
40	398
40	404
40	405
40	406
40	407
40	448
40	736
40	752
40	800
40	806
40	819
40	830
40	831
40	832
40	833
40	834
41	44
41	257
41	425
41	434
41	464
41	465
41	467
41	468
41	601
41	790
42	50
42	186
42	254
42	272
42	328
42	329
42	330
42	391
42	466
42	754
42	755
42	756
43	410
43	413
43	414
43	415
43	416
43	427
43	804
43	810
43	816
43	822
43	827
43	833
43	841
43	842
43	843
44	257
44	425
44	434
44	445
44	465
44	467
44	468
44	484
44	487
44	601
45	58
45	63
45	71
45	457
45	459
45	469
45	470
46	69
46	471
46	475
47	472
47	478
47	495
47	617
47	640
47	681
48	50
48	258
48	326
48	736
48	752
49	474
49	497
49	499
49	500
50	186
50	254
50	258
50	272
50	326
50	328
50	329
50	330
50	466
50	736
50	752
50	754
50	755
50	756
51	190
51	213
51	460
51	461
51	472
51	478
51	495
52	462
52	479
52	493
53	54
53	65
53	67
53	68
53	439
53	452
53	480
53	481
54	56
54	65
54	66
54	440
54	453
54	480
54	481
54	491
54	492
55	56
55	471
55	482
55	496
56	65
56	66
56	440
56	453
56	471
56	482
56	491
56	492
57	60
57	378
57	411
57	420
57	423
57	424
57	483
57	811
57	817
57	823
57	828
57	834
57	840
57	843
57	848
57	851
58	59
58	63
58	71
58	454
58	457
58	458
58	486
59	454
59	458
59	486
60	483
61	62
61	187
61	330
61	379
61	380
61	381
61	382
61	383
61	384
61	488
61	498
61	757
61	799
61	806
61	807
61	808
61	809
61	810
61	811
62	187
62	330
62	372
62	385
62	397
62	408
62	414
62	422
62	423
62	490
62	498
62	757
62	818
62	830
62	838
62	845
62	847
62	849
63	71
63	309
63	457
63	735
64	339
64	451
64	475
64	620
64	624
64	633
64	673
64	716
65	66
65	67
65	68
65	439
65	440
65	452
65	453
65	491
65	492
66	68
66	440
66	441
66	453
66	481
66	491
66	492
66	494
67	68
67	439
67	452
67	480
67	492
67	494
68	439
68	441
68	452
68	481
68	494
69	428
69	471
69	489
69	491
71	358
71	457
71	785
72	473
72	474
72	497
72	499
72	500
73	74
73	75
73	100
73	109
73	114
73	118
73	126
73	134
73	136
73	137
73	501
73	502
73	512
73	514
73	516
73	522
73	550
73	563
73	564
74	75
74	81
74	91
74	106
74	111
74	112
74	113
74	114
74	115
74	501
74	502
74	515
74	517
74	524
74	539
74	540
74	541
74	542
75	88
75	89
75	501
75	502
75	516
75	517
76	86
76	503
77	504
77	529
78	79
78	104
78	506
78	532
79	105
79	403
79	418
79	506
79	532
79	844
80	81
80	82
80	83
80	84
80	85
80	90
80	96
80	111
80	120
80	124
80	130
80	132
80	138
80	507
80	508
80	509
80	510
80	511
80	512
80	513
80	533
80	543
80	563
80	565
80	566
81	82
81	83
81	84
81	85
81	91
81	106
81	111
81	112
81	113
81	114
81	115
81	507
81	508
81	509
81	510
81	511
81	512
81	513
81	515
81	517
81	524
81	539
81	540
81	541
81	542
82	83
82	84
82	85
82	92
82	107
82	112
82	116
82	136
82	140
82	507
82	508
82	509
82	510
82	511
82	512
82	513
82	525
82	548
82	552
82	560
82	565
82	567
83	84
83	85
83	93
83	106
83	107
83	108
83	109
83	110
83	507
83	508
83	509
83	510
83	511
83	512
83	513
83	526
83	533
83	534
83	535
83	536
83	537
83	538
84	85
84	94
84	122
84	131
84	137
84	140
84	507
84	508
84	509
84	510
84	511
84	512
84	513
84	527
84	536
84	541
84	545
84	553
84	561
84	566
84	568
85	95
85	120
85	121
85	122
85	123
85	507
85	508
85	509
85	510
85	511
85	512
85	513
85	528
85	537
85	542
85	546
85	548
85	549
85	550
85	551
86	211
86	503
86	622
87	88
87	89
87	90
87	91
87	92
87	93
87	94
87	95
87	501
87	502
87	507
87	514
87	515
87	518
87	519
87	520
87	521
87	522
87	523
88	89
88	502
88	514
88	515
88	516
88	517
89	90
89	91
89	92
89	93
89	94
89	95
89	501
89	507
89	516
89	517
89	518
89	519
89	520
89	521
89	522
89	523
90	91
90	92
90	93
90	94
90	95
90	96
90	111
90	120
90	124
90	130
90	132
90	138
90	501
90	507
90	518
90	519
90	520
90	521
90	522
90	523
90	533
90	543
90	563
90	565
90	566
91	92
91	93
91	94
91	95
91	106
91	111
91	112
91	113
91	114
91	115
91	501
91	507
91	515
91	517
91	518
91	519
91	520
91	521
91	522
91	523
91	524
91	539
91	540
91	541
91	542
92	93
92	94
92	95
92	107
92	112
92	116
92	136
92	140
92	501
92	507
92	518
92	519
92	520
92	521
92	522
92	523
92	525
92	548
92	552
92	560
92	565
92	567
93	94
93	95
93	106
93	107
93	108
93	109
93	110
93	501
93	507
93	518
93	519
93	520
93	521
93	522
93	523
93	526
93	533
93	534
93	535
93	536
93	537
93	538
94	95
94	122
94	131
94	137
94	140
94	501
94	507
94	518
94	519
94	520
94	521
94	522
94	523
94	527
94	536
94	541
94	545
94	553
94	561
94	566
94	568
95	120
95	121
95	122
95	123
95	501
95	507
95	518
95	519
95	520
95	521
95	522
95	523
95	528
95	537
95	542
95	546
95	548
95	549
95	550
95	551
96	97
96	98
96	99
96	100
96	101
96	111
96	120
96	124
96	130
96	132
96	138
96	508
96	518
96	524
96	525
96	526
96	527
96	528
96	533
96	543
96	563
96	565
96	566
97	98
97	99
97	100
97	101
97	116
97	117
97	118
97	119
97	508
97	509
97	518
97	519
97	524
97	525
97	526
97	527
97	528
97	534
97	539
97	543
97	544
97	545
97	546
97	547
98	99
98	100
98	101
98	121
98	124
98	125
98	126
98	508
98	510
98	518
98	520
98	524
98	525
98	526
98	527
98	528
98	535
98	540
98	544
98	552
98	553
98	554
99	100
99	101
99	108
99	113
99	117
99	125
99	133
99	138
99	508
99	511
99	518
99	521
99	524
99	525
99	526
99	527
99	528
99	549
99	558
99	564
99	567
99	568
100	101
100	109
100	114
100	118
100	126
100	134
100	136
100	137
100	508
100	512
100	514
100	516
100	518
100	522
100	524
100	525
100	526
100	527
100	528
100	550
100	563
100	564
101	115
101	132
101	133
101	134
101	508
101	513
101	518
101	523
101	524
101	525
101	526
101	527
101	528
101	538
101	547
101	551
101	554
101	559
101	560
101	561
102	443
102	530
102	531
103	372
103	373
103	374
103	375
103	376
103	377
103	378
103	435
103	615
103	799
103	800
103	801
103	802
103	803
103	804
103	805
104	532
105	403
105	418
105	506
105	532
105	759
105	844
106	107
106	108
106	109
106	110
106	111
106	112
106	113
106	114
106	115
106	515
106	517
106	524
106	526
106	533
106	534
106	535
106	536
106	537
106	538
106	539
106	540
106	541
106	542
107	108
107	109
107	110
107	112
107	116
107	136
107	140
107	525
107	526
107	533
107	534
107	535
107	536
107	537
107	538
107	548
107	552
107	560
107	565
107	567
108	109
108	110
108	113
108	117
108	125
108	133
108	138
108	511
108	521
108	526
108	533
108	534
108	535
108	536
108	537
108	538
108	549
108	558
108	564
108	567
108	568
109	110
109	114
109	118
109	126
109	134
109	136
109	137
109	512
109	514
109	516
109	522
109	526
109	533
109	534
109	535
109	536
109	537
109	538
109	550
109	563
109	564
110	119
110	123
110	130
110	131
110	526
110	533
110	534
110	535
110	536
110	537
110	538
110	558
110	559
111	112
111	113
111	114
111	115
111	120
111	124
111	130
111	132
111	138
111	515
111	517
111	524
111	533
111	539
111	540
111	541
111	542
111	543
111	563
111	565
111	566
112	113
112	114
112	115
112	116
112	136
112	140
112	515
112	517
112	524
112	525
112	539
112	540
112	541
112	542
112	548
112	552
112	560
112	565
112	567
113	114
113	115
113	117
113	125
113	133
113	138
113	511
113	515
113	517
113	521
113	524
113	539
113	540
113	541
113	542
113	549
113	558
113	564
113	567
113	568
114	115
114	118
114	126
114	134
114	136
114	137
114	512
114	514
114	515
114	516
114	517
114	522
114	524
114	539
114	540
114	541
114	542
114	550
114	563
114	564
115	132
115	133
115	134
115	513
115	515
115	517
115	523
115	524
115	538
115	539
115	540
115	541
115	542
115	547
115	551
115	554
115	559
115	560
115	561
116	117
116	118
116	119
116	136
116	140
116	509
116	519
116	525
116	534
116	539
116	543
116	544
116	545
116	546
116	547
116	548
116	552
116	560
116	565
116	567
117	118
117	119
117	125
117	133
117	138
117	509
117	511
117	519
117	521
117	534
117	539
117	543
117	544
117	545
117	546
117	547
117	549
117	558
117	564
117	567
117	568
118	119
118	126
118	134
118	136
118	137
118	509
118	512
118	514
118	516
118	519
118	522
118	534
118	539
118	543
118	544
118	545
118	546
118	547
118	550
118	563
118	564
119	123
119	130
119	131
119	509
119	519
119	534
119	539
119	543
119	544
119	545
119	546
119	547
119	558
119	559
120	121
120	122
120	123
120	124
120	130
120	132
120	138
120	528
120	533
120	537
120	542
120	543
120	546
120	548
120	549
120	550
120	551
120	563
120	565
120	566
121	122
121	123
121	124
121	125
121	126
121	510
121	520
121	528
121	535
121	537
121	540
121	542
121	544
121	546
121	548
121	549
121	550
121	551
121	552
121	553
121	554
122	123
122	131
122	137
122	140
122	527
122	528
122	536
122	537
122	541
122	542
122	545
122	546
122	548
122	549
122	550
122	551
122	553
122	561
122	566
122	568
123	130
123	131
123	528
123	537
123	542
123	546
123	548
123	549
123	550
123	551
123	558
123	559
124	125
124	126
124	130
124	132
124	138
124	510
124	520
124	533
124	535
124	540
124	543
124	544
124	552
124	553
124	554
124	563
124	565
124	566
125	126
125	133
125	138
125	510
125	511
125	520
125	521
125	535
125	540
125	544
125	549
125	552
125	553
125	554
125	558
125	564
125	567
125	568
126	134
126	136
126	137
126	510
126	512
126	514
126	516
126	520
126	522
126	535
126	540
126	544
126	550
126	552
126	553
126	554
126	563
126	564
127	128
127	129
127	139
127	555
127	556
127	562
128	135
128	555
128	556
128	557
128	562
129	139
129	555
129	557
129	562
130	131
130	132
130	138
130	533
130	543
130	558
130	559
130	563
130	565
130	566
131	137
131	140
131	527
131	536
131	541
131	545
131	553
131	558
131	559
131	561
131	566
131	568
132	133
132	134
132	138
132	513
132	523
132	533
132	538
132	543
132	547
132	551
132	554
132	559
132	560
132	561
132	563
132	565
132	566
133	134
133	138
133	511
133	513
133	521
133	523
133	538
133	547
133	549
133	551
133	554
133	558
133	559
133	560
133	561
133	564
133	567
133	568
134	136
134	137
134	512
134	513
134	514
134	516
134	522
134	523
134	538
134	547
134	550
134	551
134	554
134	559
134	560
134	561
134	563
134	564
135	139
135	556
135	557
135	562
136	137
136	140
136	512
136	514
136	516
136	522
136	525
136	548
136	550
136	552
136	560
136	563
136	564
136	565
136	567
137	140
137	512
137	514
137	516
137	522
137	527
137	536
137	541
137	545
137	550
137	553
137	561
137	563
137	564
137	566
137	568
138	511
138	521
138	533
138	543
138	549
138	558
138	563
138	564
138	565
138	566
138	567
138	568
139	556
139	562
140	525
140	527
140	536
140	541
140	545
140	548
140	552
140	553
140	560
140	561
140	565
140	566
140	567
140	568
141	142
141	143
141	144
141	148
141	157
141	159
141	162
141	569
141	570
141	571
141	572
141	588
142	143
142	144
142	161
142	569
142	570
142	571
142	573
142	576
142	585
142	587
142	588
143	144
143	146
143	149
143	157
143	158
143	569
143	570
143	571
143	585
143	586
144	147
144	150
144	159
144	160
144	569
144	570
144	571
144	586
144	587
145	146
145	147
145	148
145	149
145	150
145	426
145	428
145	505
145	569
145	570
145	572
145	573
145	574
145	576
145	577
146	147
146	149
146	157
146	158
146	570
146	572
146	573
146	574
146	585
146	586
147	150
147	159
147	160
147	570
147	572
147	573
147	574
147	586
147	587
148	149
148	150
148	157
148	159
148	162
148	426
148	428
148	505
148	569
148	572
148	576
148	577
148	588
149	150
149	157
149	158
149	426
149	428
149	505
149	569
149	576
149	577
149	585
149	586
150	159
150	160
150	426
150	428
150	505
150	569
150	576
150	577
150	586
150	587
151	152
151	153
151	154
151	155
151	156
151	163
151	221
151	226
151	281
151	323
151	347
151	368
151	426
151	578
151	579
151	580
151	581
151	582
151	583
151	584
151	626
151	658
151	720
151	787
151	794
152	153
152	154
152	155
152	156
152	164
152	199
152	231
152	293
152	294
152	295
152	426
152	578
152	579
152	580
152	581
152	582
152	583
152	584
152	649
152	654
152	708
152	720
152	721
152	722
153	154
153	155
153	156
153	165
153	200
153	222
153	226
153	227
153	228
153	229
153	426
153	457
153	458
153	459
153	578
153	579
153	580
153	581
153	582
153	583
153	584
153	653
153	654
153	655
153	656
153	657
154	155
154	156
154	227
154	282
154	294
154	361
154	426
154	578
154	579
154	580
154	581
154	582
154	583
154	584
154	593
154	628
154	650
154	659
154	750
154	774
154	794
154	798
155	156
155	182
155	228
155	230
155	231
155	232
155	233
155	426
155	578
155	579
155	580
155	581
155	582
155	583
155	584
155	594
155	629
155	651
155	658
155	659
155	660
155	661
156	229
156	233
156	283
156	295
156	324
156	347
156	348
156	426
156	578
156	579
156	580
156	581
156	582
156	583
156	584
156	595
156	630
156	652
156	773
156	774
157	158
157	159
157	162
157	572
157	585
157	586
157	588
158	160
158	161
158	162
158	571
158	574
158	577
158	585
158	586
159	160
159	162
159	572
159	586
159	587
159	588
160	161
160	162
160	571
160	574
160	577
160	586
160	587
161	162
161	571
161	573
161	574
161	576
161	577
161	585
161	587
161	588
162	571
162	572
162	574
162	577
162	588
163	164
163	165
163	166
163	167
163	168
163	221
163	226
163	281
163	323
163	347
163	368
163	442
163	455
163	581
163	590
163	591
163	592
163	593
163	594
163	595
163	626
163	658
163	720
163	787
163	794
164	165
164	166
164	167
164	168
164	199
164	231
164	293
164	294
164	295
164	442
164	455
164	581
164	590
164	591
164	592
164	593
164	594
164	595
164	649
164	654
164	708
164	720
164	721
164	722
165	166
165	167
165	168
165	200
165	222
165	226
165	227
165	228
165	229
165	442
165	455
165	457
165	458
165	459
165	581
165	590
165	591
165	592
165	593
165	594
165	595
165	653
165	654
165	655
165	656
165	657
166	167
166	168
166	201
166	223
166	232
166	281
166	282
166	283
166	442
166	455
166	581
166	582
166	590
166	591
166	592
166	593
166	594
166	595
166	655
166	707
166	708
166	709
166	710
167	168
167	202
167	224
167	323
167	324
167	442
167	455
167	581
167	583
167	590
167	591
167	592
167	593
167	594
167	595
167	656
167	660
167	709
167	721
167	749
167	750
167	751
168	203
168	225
168	348
168	368
168	442
168	455
168	581
168	584
168	590
168	591
168	592
168	593
168	594
168	595
168	657
168	661
168	710
168	722
168	751
168	788
168	798
169	311
169	597
170	171
170	172
170	234
170	260
170	292
170	332
170	442
170	598
170	599
170	600
171	172
171	218
171	235
171	292
171	442
171	598
171	599
171	600
171	631
171	688
171	718
171	719
172	219
172	261
172	332
172	442
172	598
172	599
172	600
172	663
172	719
173	257
173	476
173	601
174	175
174	176
174	177
174	178
174	179
174	180
174	181
174	284
174	297
174	335
174	341
174	342
174	343
174	452
174	453
174	602
174	603
174	604
174	605
174	606
174	607
174	608
174	609
174	665
174	674
174	692
174	701
174	738
174	745
174	768
174	769
174	770
175	176
175	177
175	178
175	179
175	180
175	181
175	285
175	298
175	336
175	344
175	365
175	452
175	453
175	602
175	603
175	604
175	605
175	606
175	607
175	608
175	609
175	666
175	675
175	693
175	702
175	739
175	746
175	768
175	781
175	791
175	792
176	177
176	178
176	179
176	180
176	181
176	248
176	267
176	275
176	276
176	277
176	278
176	279
176	280
176	452
176	453
176	602
176	603
176	604
176	605
176	606
176	607
176	608
176	609
176	667
176	701
176	702
176	703
176	704
176	705
176	706
177	178
177	179
177	180
177	181
177	249
177	266
177	267
177	268
177	269
177	270
177	271
177	452
177	453
177	602
177	603
177	604
177	605
177	606
177	607
177	608
177	609
177	668
177	692
177	693
177	694
177	695
177	696
177	697
177	698
178	179
178	180
178	181
178	250
178	277
178	284
178	285
178	286
178	287
178	288
178	289
178	452
178	453
178	602
178	603
178	604
178	605
178	606
178	607
178	608
178	609
178	669
178	695
178	711
178	712
178	713
178	714
178	715
179	180
179	181
179	242
179	269
179	314
179	319
179	320
179	321
179	322
179	452
179	453
179	602
179	603
179	604
179	605
179	606
179	607
179	608
179	609
179	678
179	704
179	713
179	726
179	745
179	746
179	747
179	748
180	181
180	243
180	270
180	312
180	313
180	314
180	315
180	452
180	453
180	602
180	603
180	604
180	605
180	606
180	607
180	608
180	609
180	679
180	705
180	714
180	727
180	738
180	739
180	740
180	741
180	742
181	244
181	271
181	301
181	315
181	343
181	365
181	369
181	452
181	453
181	602
181	603
181	604
181	605
181	606
181	607
181	608
181	609
181	680
181	706
181	715
181	748
181	764
181	772
181	782
181	795
182	183
182	184
182	185
182	228
182	230
182	231
182	232
182	233
182	529
182	594
182	610
182	611
182	612
182	613
182	629
182	651
182	658
182	659
182	660
182	661
183	184
183	185
183	214
183	216
183	327
183	529
183	610
183	611
183	612
183	613
183	664
183	753
184	185
184	214
184	215
184	430
184	529
184	610
184	611
184	612
184	613
184	641
184	642
185	215
185	217
185	236
185	237
185	444
185	529
185	610
185	611
185	612
185	613
185	664
186	187
186	254
186	272
186	328
186	329
186	330
186	466
186	614
186	754
186	755
186	756
187	330
187	498
187	614
187	757
188	189
188	190
188	461
188	616
188	617
188	639
189	190
189	212
189	460
189	616
189	617
190	213
190	478
190	616
190	617
191	618
191	685
192	193
192	194
192	196
192	205
192	245
192	290
192	443
192	448
192	449
192	477
192	619
192	620
192	621
192	716
193	194
193	443
193	448
193	449
193	619
193	620
193	621
194	246
194	290
194	339
194	443
194	448
194	449
194	619
194	620
194	621
194	625
194	634
195	196
195	197
195	211
195	446
195	447
195	622
195	623
195	624
195	625
196	197
196	205
196	245
196	290
196	446
196	447
196	477
196	622
196	623
196	624
196	625
196	716
197	206
197	245
197	246
197	446
197	447
197	621
197	622
197	623
197	624
197	625
197	673
198	199
198	200
198	201
198	202
198	203
198	230
198	293
198	361
198	578
198	579
198	590
198	591
198	626
198	627
198	628
198	629
198	630
198	648
198	653
198	707
198	749
198	773
198	787
198	788
199	200
199	201
199	202
199	203
199	231
199	293
199	294
199	295
199	579
199	591
199	626
199	627
199	628
199	629
199	630
199	649
199	654
199	708
199	720
199	721
199	722
200	201
200	202
200	203
200	222
200	226
200	227
200	228
200	229
200	457
200	458
200	459
200	579
200	591
200	626
200	627
200	628
200	629
200	630
200	653
200	654
200	655
200	656
200	657
201	202
201	203
201	223
201	232
201	281
201	282
201	283
201	579
201	582
201	591
201	626
201	627
201	628
201	629
201	630
201	655
201	707
201	708
201	709
201	710
202	203
202	224
202	323
202	324
202	579
202	583
202	591
202	626
202	627
202	628
202	629
202	630
202	656
202	660
202	709
202	721
202	749
202	750
202	751
203	225
203	348
203	368
203	579
203	584
203	591
203	626
203	627
203	628
203	629
203	630
203	657
203	661
203	710
203	722
203	751
203	788
203	798
204	433
204	631
204	718
205	206
205	245
205	290
205	477
205	619
205	623
205	633
205	634
205	716
206	245
206	246
206	619
206	621
206	623
206	633
206	634
206	673
207	456
208	209
208	210
208	306
208	340
208	349
208	635
208	636
208	637
208	638
208	743
208	760
208	776
209	210
209	307
209	316
209	317
209	318
209	635
209	636
209	637
209	638
209	743
209	744
210	334
210	635
210	636
210	637
210	638
210	734
210	744
210	767
210	776
210	786
211	503
211	622
212	213
212	460
212	616
212	639
212	640
213	478
213	616
213	639
213	640
214	215
214	216
214	327
214	430
214	641
214	642
214	664
214	753
215	217
215	236
215	237
215	430
215	444
215	641
215	642
215	664
216	217
216	327
216	431
216	432
216	643
216	644
216	664
216	753
217	236
217	237
217	431
217	432
217	444
217	643
217	644
217	664
218	219
218	235
218	292
218	449
218	450
218	451
218	600
218	613
218	631
218	645
218	646
218	647
218	688
218	718
218	719
219	261
219	332
219	449
219	450
219	451
219	600
219	613
219	645
219	646
219	647
219	663
219	719
220	305
220	364
220	445
220	589
220	790
221	222
221	223
221	224
221	225
221	226
221	281
221	323
221	347
221	368
221	454
221	580
221	592
221	626
221	627
221	648
221	649
221	650
221	651
221	652
221	658
221	720
221	787
221	794
222	223
222	224
222	225
222	226
222	227
222	228
222	229
222	454
222	457
222	458
222	459
222	580
222	592
222	627
222	648
222	649
222	650
222	651
222	652
222	653
222	654
222	655
222	656
222	657
223	224
223	225
223	232
223	281
223	282
223	283
223	454
223	580
223	582
223	592
223	627
223	648
223	649
223	650
223	651
223	652
223	655
223	707
223	708
223	709
223	710
224	225
224	323
224	324
224	454
224	580
224	583
224	592
224	627
224	648
224	649
224	650
224	651
224	652
224	656
224	660
224	709
224	721
224	749
224	750
224	751
225	348
225	368
225	454
225	580
225	584
225	592
225	627
225	648
225	649
225	650
225	651
225	652
225	657
225	661
225	710
225	722
225	751
225	788
225	798
226	227
226	228
226	229
226	281
226	323
226	347
226	368
226	457
226	458
226	459
226	626
226	653
226	654
226	655
226	656
226	657
226	658
226	720
226	787
226	794
227	228
227	229
227	282
227	294
227	361
227	457
227	458
227	459
227	593
227	628
227	650
227	653
227	654
227	655
227	656
227	657
227	659
227	750
227	774
227	794
227	798
228	229
228	230
228	231
228	232
228	233
228	457
228	458
228	459
228	594
228	629
228	651
228	653
228	654
228	655
228	656
228	657
228	658
228	659
228	660
228	661
229	233
229	283
229	295
229	324
229	347
229	348
229	457
229	458
229	459
229	595
229	630
229	652
229	653
229	654
229	655
229	656
229	657
229	773
229	774
230	231
230	232
230	233
230	293
230	361
230	578
230	590
230	594
230	629
230	648
230	651
230	653
230	658
230	659
230	660
230	661
230	707
230	749
230	773
230	787
230	788
231	232
231	233
231	293
231	294
231	295
231	594
231	629
231	649
231	651
231	654
231	658
231	659
231	660
231	661
231	708
231	720
231	721
231	722
232	233
232	281
232	282
232	283
232	582
232	594
232	629
232	651
232	655
232	658
232	659
232	660
232	661
232	707
232	708
232	709
232	710
233	283
233	295
233	324
233	347
233	348
233	594
233	595
233	629
233	630
233	651
233	652
233	658
233	659
233	660
233	661
233	773
233	774
234	235
234	260
234	292
234	332
234	599
234	646
234	662
234	663
235	292
235	599
235	631
235	646
235	662
235	663
235	688
235	718
235	719
236	237
236	444
236	610
236	641
236	643
236	664
236	753
236	775
237	327
237	433
237	444
237	456
237	611
237	642
237	644
237	647
237	664
237	775
238	239
238	240
238	241
238	242
238	243
238	244
238	247
238	266
238	275
238	312
238	319
238	341
238	344
238	345
238	346
238	602
238	606
238	665
238	666
238	667
238	668
238	669
238	670
238	671
238	672
238	711
238	724
238	762
238	771
238	772
239	240
239	241
239	242
239	243
239	244
239	247
239	248
239	249
239	250
239	251
239	252
239	253
239	603
239	606
239	665
239	666
239	667
239	668
239	669
239	670
239	671
239	672
239	674
239	675
239	676
239	677
239	678
239	679
239	680
240	241
240	242
240	243
240	244
240	276
240	313
240	320
240	335
240	336
240	337
240	338
240	604
240	606
240	665
240	666
240	667
240	668
240	669
240	670
240	671
240	672
240	676
240	694
240	712
240	725
240	762
240	763
240	764
241	242
241	243
241	244
241	268
241	286
241	299
241	342
241	355
241	356
241	605
241	606
241	665
241	666
241	667
241	668
241	669
241	670
241	671
241	672
241	677
241	703
241	740
241	747
241	763
241	771
241	781
241	782
242	243
242	244
242	269
242	314
242	319
242	320
242	321
242	322
242	606
242	665
242	666
242	667
242	668
242	669
242	670
242	671
242	672
242	678
242	704
242	713
242	726
242	745
242	746
242	747
242	748
243	244
243	270
243	312
243	313
243	314
243	315
243	606
243	665
243	666
243	667
243	668
243	669
243	670
243	671
243	672
243	679
243	705
243	714
243	727
243	738
243	739
243	740
243	741
243	742
244	271
244	301
244	315
244	343
244	365
244	369
244	606
244	665
244	666
244	667
244	668
244	669
244	670
244	671
244	672
244	680
244	706
244	715
244	748
244	764
244	772
244	782
244	795
245	246
245	290
245	477
245	621
245	673
245	716
246	290
246	339
246	621
246	625
246	634
246	673
247	248
247	249
247	250
247	251
247	252
247	253
247	266
247	275
247	312
247	319
247	341
247	344
247	345
247	346
247	602
247	603
247	674
247	675
247	676
247	677
247	678
247	679
247	680
247	711
247	724
247	762
247	771
247	772
248	249
248	250
248	251
248	252
248	253
248	267
248	275
248	276
248	277
248	278
248	279
248	280
248	603
248	667
248	674
248	675
248	676
248	677
248	678
248	679
248	680
248	701
248	702
248	703
248	704
248	705
248	706
249	250
249	251
249	252
249	253
249	266
249	267
249	268
249	269
249	270
249	271
249	603
249	668
249	674
249	675
249	676
249	677
249	678
249	679
249	680
249	692
249	693
249	694
249	695
249	696
249	697
249	698
250	251
250	252
250	253
250	277
250	284
250	285
250	286
250	287
250	288
250	289
250	603
250	669
250	674
250	675
250	676
250	677
250	678
250	679
250	680
250	695
250	711
250	712
250	713
250	714
250	715
251	252
251	253
251	278
251	287
251	300
251	321
251	337
251	345
251	355
251	603
251	607
251	670
251	674
251	675
251	676
251	677
251	678
251	679
251	680
251	696
251	741
251	769
251	791
251	795
251	797
252	253
252	279
252	288
252	297
252	298
252	299
252	300
252	301
252	603
252	608
252	671
252	674
252	675
252	676
252	677
252	678
252	679
252	680
252	697
252	724
252	725
252	726
252	727
252	728
253	280
253	289
253	322
253	338
253	346
253	356
253	369
253	603
253	609
253	672
253	674
253	675
253	676
253	677
253	678
253	679
253	680
253	698
253	728
253	742
253	770
253	792
253	797
254	255
254	256
254	272
254	328
254	329
254	330
254	466
254	473
254	682
254	683
254	684
254	754
254	755
254	756
255	256
255	273
255	328
255	366
255	371
255	473
255	682
255	683
255	684
255	796
256	370
256	371
256	473
256	682
256	683
256	684
256	700
256	755
256	793
257	425
257	434
257	467
257	468
257	476
257	601
258	259
258	326
258	686
258	687
258	736
258	752
259	303
259	326
259	351
259	357
259	362
259	363
259	686
259	687
259	690
259	737
259	765
259	780
260	261
260	292
260	332
260	598
260	645
260	662
260	688
261	332
261	598
261	645
261	662
261	663
261	688
261	719
262	263
262	264
262	265
262	357
262	463
262	689
262	690
262	691
262	779
262	783
262	784
263	264
263	265
263	302
263	303
263	304
263	689
263	690
263	691
263	729
263	730
264	265
264	354
264	363
264	689
264	690
264	691
264	730
264	778
264	784
264	789
265	350
265	351
265	352
265	689
265	690
265	691
265	777
265	778
266	267
266	268
266	269
266	270
266	271
266	275
266	312
266	319
266	341
266	344
266	345
266	346
266	602
266	668
266	692
266	693
266	694
266	695
266	696
266	697
266	698
266	711
266	724
266	762
266	771
266	772
267	268
267	269
267	270
267	271
267	275
267	276
267	277
267	278
267	279
267	280
267	667
267	668
267	692
267	693
267	694
267	695
267	696
267	697
267	698
267	701
267	702
267	703
267	704
267	705
267	706
268	269
268	270
268	271
268	286
268	299
268	342
268	355
268	356
268	605
268	668
268	677
268	692
268	693
268	694
268	695
268	696
268	697
268	698
268	703
268	740
268	747
268	763
268	771
268	781
268	782
269	270
269	271
269	314
269	319
269	320
269	321
269	322
269	668
269	678
269	692
269	693
269	694
269	695
269	696
269	697
269	698
269	704
269	713
269	726
269	745
269	746
269	747
269	748
270	271
270	312
270	313
270	314
270	315
270	668
270	679
270	692
270	693
270	694
270	695
270	696
270	697
270	698
270	705
270	714
270	727
270	738
270	739
270	740
270	741
270	742
271	301
271	315
271	343
271	365
271	369
271	668
271	680
271	692
271	693
271	694
271	695
271	696
271	697
271	698
271	706
271	715
271	748
271	764
271	772
271	782
271	795
272	273
272	274
272	328
272	329
272	330
272	466
272	683
272	699
272	700
272	754
272	755
272	756
273	274
273	328
273	366
273	371
273	683
273	699
273	700
273	796
274	329
274	367
274	370
274	683
274	684
274	699
274	700
274	796
275	276
275	277
275	278
275	279
275	280
275	312
275	319
275	341
275	344
275	345
275	346
275	602
275	667
275	701
275	702
275	703
275	704
275	705
275	706
275	711
275	724
275	762
275	771
275	772
276	277
276	278
276	279
276	280
276	313
276	320
276	335
276	336
276	337
276	338
276	604
276	667
276	676
276	694
276	701
276	702
276	703
276	704
276	705
276	706
276	712
276	725
276	762
276	763
276	764
277	278
277	279
277	280
277	284
277	285
277	286
277	287
277	288
277	289
277	667
277	669
277	695
277	701
277	702
277	703
277	704
277	705
277	706
277	711
277	712
277	713
277	714
277	715
278	279
278	280
278	287
278	300
278	321
278	337
278	345
278	355
278	607
278	667
278	670
278	696
278	701
278	702
278	703
278	704
278	705
278	706
278	741
278	769
278	791
278	795
278	797
279	280
279	288
279	297
279	298
279	299
279	300
279	301
279	608
279	667
279	671
279	697
279	701
279	702
279	703
279	704
279	705
279	706
279	724
279	725
279	726
279	727
279	728
280	289
280	322
280	338
280	346
280	356
280	369
280	609
280	667
280	672
280	698
280	701
280	702
280	703
280	704
280	705
280	706
280	728
280	742
280	770
280	792
280	797
281	282
281	283
281	323
281	347
281	368
281	582
281	626
281	655
281	658
281	707
281	708
281	709
281	710
281	720
281	787
281	794
282	283
282	294
282	361
282	582
282	593
282	628
282	650
282	655
282	659
282	707
282	708
282	709
282	710
282	750
282	774
282	794
282	798
283	295
283	324
283	347
283	348
283	582
283	595
283	630
283	652
283	655
283	707
283	708
283	709
283	710
283	773
283	774
284	285
284	286
284	287
284	288
284	289
284	297
284	335
284	341
284	342
284	343
284	665
284	669
284	674
284	692
284	695
284	701
284	711
284	712
284	713
284	714
284	715
284	738
284	745
284	768
284	769
284	770
285	286
285	287
285	288
285	289
285	298
285	336
285	344
285	365
285	666
285	669
285	675
285	693
285	695
285	702
285	711
285	712
285	713
285	714
285	715
285	739
285	746
285	768
285	781
285	791
285	792
286	287
286	288
286	289
286	299
286	342
286	355
286	356
286	605
286	669
286	677
286	695
286	703
286	711
286	712
286	713
286	714
286	715
286	740
286	747
286	763
286	771
286	781
286	782
287	288
287	289
287	300
287	321
287	337
287	345
287	355
287	607
287	669
287	670
287	695
287	696
287	711
287	712
287	713
287	714
287	715
287	741
287	769
287	791
287	795
287	797
288	289
288	297
288	298
288	299
288	300
288	301
288	608
288	669
288	671
288	695
288	697
288	711
288	712
288	713
288	714
288	715
288	724
288	725
288	726
288	727
288	728
289	322
289	338
289	346
289	356
289	369
289	609
289	669
289	672
289	695
289	698
289	711
289	712
289	713
289	714
289	715
289	728
289	742
289	770
289	792
289	797
290	339
290	477
290	625
290	634
290	716
291	325
291	717
292	332
292	631
292	688
292	718
292	719
293	294
293	295
293	361
293	578
293	590
293	648
293	649
293	653
293	654
293	707
293	708
293	720
293	721
293	722
293	749
293	773
293	787
293	788
294	295
294	361
294	593
294	628
294	649
294	650
294	654
294	659
294	708
294	720
294	721
294	722
294	750
294	774
294	794
294	798
295	324
295	347
295	348
295	595
295	630
295	649
295	652
295	654
295	708
295	720
295	721
295	722
295	773
295	774
296	359
296	723
297	298
297	299
297	300
297	301
297	335
297	341
297	342
297	343
297	608
297	665
297	671
297	674
297	692
297	697
297	701
297	724
297	725
297	726
297	727
297	728
297	738
297	745
297	768
297	769
297	770
298	299
298	300
298	301
298	336
298	344
298	365
298	608
298	666
298	671
298	675
298	693
298	697
298	702
298	724
298	725
298	726
298	727
298	728
298	739
298	746
298	768
298	781
298	791
298	792
299	300
299	301
299	342
299	355
299	356
299	605
299	608
299	671
299	677
299	697
299	703
299	724
299	725
299	726
299	727
299	728
299	740
299	747
299	763
299	771
299	781
299	782
300	301
300	321
300	337
300	345
300	355
300	607
300	608
300	670
300	671
300	696
300	697
300	724
300	725
300	726
300	727
300	728
300	741
300	769
300	791
300	795
300	797
301	315
301	343
301	365
301	369
301	608
301	671
301	680
301	697
301	706
301	715
301	724
301	725
301	726
301	727
301	728
301	748
301	764
301	772
301	782
301	795
302	303
302	304
302	729
302	730
303	304
303	326
303	351
303	357
303	362
303	363
303	690
303	729
303	730
303	737
303	765
303	780
304	352
304	353
304	354
304	691
304	729
304	730
304	779
304	780
305	364
305	467
305	484
305	589
305	731
305	790
306	307
306	308
306	340
306	349
306	637
306	732
306	733
306	734
306	743
306	760
306	776
307	308
307	316
307	317
307	318
307	637
307	732
307	733
307	734
307	743
307	744
308	318
308	340
308	637
308	638
308	732
308	733
308	734
308	761
308	766
308	767
309	735
310	686
310	687
310	736
310	737
310	752
310	765
311	597
312	313
312	314
312	315
312	319
312	341
312	344
312	345
312	346
312	602
312	679
312	705
312	711
312	714
312	724
312	727
312	738
312	739
312	740
312	741
312	742
312	762
312	771
312	772
313	314
313	315
313	320
313	335
313	336
313	337
313	338
313	604
313	676
313	679
313	694
313	705
313	712
313	714
313	725
313	727
313	738
313	739
313	740
313	741
313	742
313	762
313	763
313	764
314	315
314	319
314	320
314	321
314	322
314	678
314	679
314	704
314	705
314	713
314	714
314	726
314	727
314	738
314	739
314	740
314	741
314	742
314	745
314	746
314	747
314	748
315	343
315	365
315	369
315	679
315	680
315	705
315	706
315	714
315	715
315	727
315	738
315	739
315	740
315	741
315	742
315	748
315	764
315	772
315	782
315	795
316	317
316	318
316	333
316	349
316	635
316	732
316	743
316	744
316	766
316	786
317	318
317	333
317	334
317	636
317	733
317	743
317	744
317	760
317	761
318	340
318	638
318	743
318	744
318	761
318	766
318	767
319	320
319	321
319	322
319	341
319	344
319	345
319	346
319	602
319	678
319	704
319	711
319	713
319	724
319	726
319	745
319	746
319	747
319	748
319	762
319	771
319	772
320	321
320	322
320	335
320	336
320	337
320	338
320	604
320	676
320	678
320	694
320	704
320	712
320	713
320	725
320	726
320	745
320	746
320	747
320	748
320	762
320	763
320	764
321	322
321	337
321	345
321	355
321	607
321	670
321	678
321	696
321	704
321	713
321	726
321	741
321	745
321	746
321	747
321	748
321	769
321	791
321	795
321	797
322	338
322	346
322	356
322	369
322	609
322	672
322	678
322	698
322	704
322	713
322	726
322	728
322	742
322	745
322	746
322	747
322	748
322	770
322	792
322	797
323	324
323	347
323	368
323	583
323	626
323	656
323	658
323	660
323	709
323	720
323	721
323	749
323	750
323	751
323	787
323	794
324	347
324	348
324	583
324	595
324	630
324	652
324	656
324	660
324	709
324	721
324	749
324	750
324	751
324	773
324	774
325	717
326	351
326	357
326	362
326	363
326	690
326	736
326	737
326	752
326	765
326	780
327	433
327	456
327	611
327	642
327	644
327	647
327	664
327	753
327	775
328	329
328	330
328	366
328	371
328	466
328	754
328	755
328	756
328	796
329	330
329	367
329	370
329	466
329	684
329	754
329	755
329	756
329	796
330	466
330	498
330	754
330	755
330	756
330	757
331	360
331	758
332	663
332	719
333	334
333	349
333	635
333	636
333	732
333	733
333	760
333	761
333	766
333	786
334	636
334	733
334	734
334	744
334	760
334	761
334	767
334	776
334	786
335	336
335	337
335	338
335	341
335	342
335	343
335	604
335	665
335	674
335	676
335	692
335	694
335	701
335	712
335	725
335	738
335	745
335	762
335	763
335	764
335	768
335	769
335	770
336	337
336	338
336	344
336	365
336	604
336	666
336	675
336	676
336	693
336	694
336	702
336	712
336	725
336	739
336	746
336	762
336	763
336	764
336	768
336	781
336	791
336	792
337	338
337	345
337	355
337	604
337	607
337	670
337	676
337	694
337	696
337	712
337	725
337	741
337	762
337	763
337	764
337	769
337	791
337	795
337	797
338	346
338	356
338	369
338	604
338	609
338	672
338	676
338	694
338	698
338	712
338	725
338	728
338	742
338	762
338	763
338	764
338	770
338	792
338	797
339	475
339	620
339	624
339	625
339	633
339	634
339	673
339	716
340	349
340	638
340	743
340	760
340	761
340	766
340	767
340	776
341	342
341	343
341	344
341	345
341	346
341	602
341	665
341	674
341	692
341	701
341	711
341	724
341	738
341	745
341	762
341	768
341	769
341	770
341	771
341	772
342	343
342	355
342	356
342	605
342	665
342	674
342	677
342	692
342	701
342	703
342	738
342	740
342	745
342	747
342	763
342	768
342	769
342	770
342	771
342	781
342	782
343	365
343	369
343	665
343	674
343	680
343	692
343	701
343	706
343	715
343	738
343	745
343	748
343	764
343	768
343	769
343	770
343	772
343	782
343	795
344	345
344	346
344	365
344	602
344	666
344	675
344	693
344	702
344	711
344	724
344	739
344	746
344	762
344	768
344	771
344	772
344	781
344	791
344	792
345	346
345	355
345	602
345	607
345	670
345	696
345	711
345	724
345	741
345	762
345	769
345	771
345	772
345	791
345	795
345	797
346	356
346	369
346	602
346	609
346	672
346	698
346	711
346	724
346	728
346	742
346	762
346	770
346	771
346	772
346	792
346	797
347	348
347	368
347	595
347	626
347	630
347	652
347	658
347	720
347	773
347	774
347	787
347	794
348	368
348	584
348	595
348	630
348	652
348	657
348	661
348	710
348	722
348	751
348	773
348	774
348	788
348	798
349	635
349	732
349	743
349	760
349	766
349	776
349	786
350	351
350	352
350	777
350	778
351	352
351	357
351	362
351	363
351	690
351	737
351	765
351	777
351	778
351	780
352	353
352	354
352	691
352	777
352	778
352	779
352	780
353	354
353	362
353	689
353	691
353	729
353	777
353	779
353	780
353	783
353	789
354	363
354	691
354	730
354	778
354	779
354	780
354	784
354	789
355	356
355	605
355	607
355	670
355	677
355	696
355	703
355	740
355	741
355	747
355	763
355	769
355	771
355	781
355	782
355	791
355	795
355	797
356	369
356	605
356	609
356	672
356	677
356	698
356	703
356	728
356	740
356	742
356	747
356	763
356	770
356	771
356	781
356	782
356	792
356	797
357	362
357	363
357	463
357	690
357	737
357	765
357	779
357	780
357	783
357	784
358	785
359	723
360	758
361	578
361	590
361	593
361	628
361	648
361	650
361	653
361	659
361	707
361	749
361	750
361	773
361	774
361	787
361	788
361	794
361	798
362	363
362	689
362	690
362	729
362	737
362	765
362	777
362	780
362	783
362	789
363	690
363	730
363	737
363	765
363	778
363	780
363	784
363	789
364	468
364	487
364	589
364	790
365	369
365	666
365	675
365	680
365	693
365	702
365	706
365	715
365	739
365	746
365	748
365	764
365	768
365	772
365	781
365	782
365	791
365	792
365	795
366	367
366	371
366	682
366	699
366	754
366	793
366	796
367	370
367	682
367	684
367	699
367	754
367	793
367	796
368	584
368	626
368	657
368	658
368	661
368	710
368	720
368	722
368	751
368	787
368	788
368	794
368	798
369	609
369	672
369	680
369	698
369	706
369	715
369	728
369	742
369	748
369	764
369	770
369	772
369	782
369	792
369	795
369	797
370	371
370	684
370	700
370	755
370	793
370	796
371	700
371	755
371	793
371	796
372	373
372	374
372	375
372	376
372	377
372	378
372	385
372	397
372	408
372	414
372	422
372	423
372	435
372	490
372	615
372	799
372	800
372	801
372	802
372	803
372	804
372	805
372	818
372	830
372	838
372	845
372	847
372	849
373	374
373	375
373	376
373	377
373	378
373	379
373	392
373	404
373	421
373	435
373	615
373	799
373	800
373	801
373	802
373	803
373	804
373	805
373	812
373	824
373	835
373	841
373	847
373	848
374	375
374	376
374	377
374	378
374	380
374	393
374	412
374	415
374	419
374	421
374	422
374	435
374	479
374	493
374	615
374	799
374	800
374	801
374	802
374	803
374	804
374	805
374	813
374	825
374	831
374	850
374	851
375	376
375	377
375	378
375	381
375	392
375	393
375	394
375	395
375	396
375	435
375	615
375	799
375	800
375	801
375	802
375	803
375	804
375	805
375	814
375	818
375	819
375	820
375	821
375	822
375	823
376	377
376	378
376	382
376	397
376	398
376	399
376	400
376	401
376	435
376	615
376	799
376	800
376	801
376	802
376	803
376	804
376	805
376	815
376	821
376	824
376	825
376	826
376	827
376	828
377	378
377	383
377	385
377	386
377	387
377	388
377	389
377	390
377	435
377	615
377	799
377	800
377	801
377	802
377	803
377	804
377	805
377	812
377	813
377	814
377	815
377	816
377	817
378	411
378	420
378	423
378	424
378	435
378	483
378	615
378	799
378	800
378	801
378	802
378	803
378	804
378	805
378	811
378	817
378	823
378	828
378	834
378	840
378	843
378	848
378	851
379	380
379	381
379	382
379	383
379	384
379	392
379	404
379	421
379	488
379	799
379	806
379	807
379	808
379	809
379	810
379	811
379	812
379	824
379	835
379	841
379	847
379	848
380	381
380	382
380	383
380	384
380	393
380	412
380	415
380	419
380	421
380	422
380	479
380	488
380	493
380	799
380	806
380	807
380	808
380	809
380	810
380	811
380	813
380	825
380	831
380	850
380	851
381	382
381	383
381	384
381	392
381	393
381	394
381	395
381	396
381	488
381	799
381	806
381	807
381	808
381	809
381	810
381	811
381	814
381	818
381	819
381	820
381	821
381	822
381	823
382	383
382	384
382	397
382	398
382	399
382	400
382	401
382	488
382	799
382	806
382	807
382	808
382	809
382	810
382	811
382	815
382	821
382	824
382	825
382	826
382	827
382	828
383	384
383	385
383	386
383	387
383	388
383	389
383	390
383	488
383	799
383	806
383	807
383	808
383	809
383	810
383	811
383	812
383	813
383	814
383	815
383	816
383	817
384	390
384	396
384	401
384	407
384	416
384	419
384	420
384	488
384	799
384	805
384	806
384	807
384	808
384	809
384	810
384	811
384	837
384	845
384	846
385	386
385	387
385	388
385	389
385	390
385	397
385	408
385	414
385	422
385	423
385	490
385	812
385	813
385	814
385	815
385	816
385	817
385	818
385	830
385	838
385	845
385	847
385	849
386	387
386	388
386	389
386	390
386	398
386	404
386	405
386	406
386	407
386	448
386	800
386	806
386	812
386	813
386	814
386	815
386	816
386	817
386	819
386	830
386	831
386	832
386	833
386	834
387	388
387	389
387	390
387	399
387	405
387	408
387	409
387	410
387	411
387	462
387	801
387	807
387	812
387	813
387	814
387	815
387	816
387	817
387	820
387	835
387	836
387	837
388	389
388	390
388	394
388	409
388	412
388	413
388	802
388	808
388	812
388	813
388	814
388	815
388	816
388	817
388	826
388	832
388	838
388	839
388	840
389	390
389	395
389	400
389	406
389	424
389	466
389	803
389	809
389	812
389	813
389	814
389	815
389	816
389	817
389	836
389	839
389	842
389	846
389	849
389	850
390	396
390	401
390	407
390	416
390	419
390	420
390	805
390	812
390	813
390	814
390	815
390	816
390	817
390	837
390	845
390	846
392	393
392	394
392	395
392	396
392	404
392	421
392	812
392	814
392	818
392	819
392	820
392	821
392	822
392	823
392	824
392	835
392	841
392	847
392	848
393	394
393	395
393	396
393	412
393	415
393	419
393	421
393	422
393	479
393	493
393	813
393	814
393	818
393	819
393	820
393	821
393	822
393	823
393	825
393	831
393	850
393	851
394	395
394	396
394	409
394	412
394	413
394	802
394	808
394	814
394	818
394	819
394	820
394	821
394	822
394	823
394	826
394	832
394	838
394	839
394	840
395	396
395	400
395	406
395	424
395	466
395	803
395	809
395	814
395	818
395	819
395	820
395	821
395	822
395	823
395	836
395	839
395	842
395	846
395	849
395	850
396	401
396	407
396	416
396	419
396	420
396	805
396	814
396	818
396	819
396	820
396	821
396	822
396	823
396	837
396	845
396	846
397	398
397	399
397	400
397	401
397	408
397	414
397	422
397	423
397	490
397	815
397	818
397	821
397	824
397	825
397	826
397	827
397	828
397	830
397	838
397	845
397	847
397	849
398	399
398	400
398	401
398	404
398	405
398	406
398	407
398	448
398	800
398	806
398	815
398	819
398	821
398	824
398	825
398	826
398	827
398	828
398	830
398	831
398	832
398	833
398	834
399	400
399	401
399	405
399	408
399	409
399	410
399	411
399	462
399	801
399	807
399	815
399	820
399	821
399	824
399	825
399	826
399	827
399	828
399	835
399	836
399	837
400	401
400	406
400	424
400	466
400	803
400	809
400	815
400	821
400	824
400	825
400	826
400	827
400	828
400	836
400	839
400	842
400	846
400	849
400	850
401	407
401	416
401	419
401	420
401	805
401	815
401	821
401	824
401	825
401	826
401	827
401	828
401	837
401	845
401	846
402	403
402	417
402	418
402	447
402	829
403	418
403	532
403	829
403	844
404	405
404	406
404	407
404	421
404	448
404	800
404	806
404	812
404	819
404	824
404	830
404	831
404	832
404	833
404	834
404	835
404	841
404	847
404	848
405	406
405	407
405	408
405	409
405	410
405	411
405	448
405	462
405	800
405	801
405	806
405	807
405	819
405	820
405	830
405	831
405	832
405	833
405	834
405	835
405	836
405	837
406	407
406	424
406	448
406	466
406	800
406	803
406	806
406	809
406	819
406	830
406	831
406	832
406	833
406	834
406	836
406	839
406	842
406	846
406	849
406	850
407	416
407	419
407	420
407	448
407	800
407	805
407	806
407	819
407	830
407	831
407	832
407	833
407	834
407	837
407	845
407	846
408	409
408	410
408	411
408	414
408	422
408	423
408	462
408	490
408	801
408	807
408	818
408	820
408	830
408	835
408	836
408	837
408	838
408	845
408	847
408	849
409	410
409	411
409	412
409	413
409	462
409	801
409	802
409	807
409	808
409	820
409	826
409	832
409	835
409	836
409	837
409	838
409	839
409	840
410	411
410	413
410	414
410	415
410	416
410	462
410	801
410	804
410	807
410	810
410	816
410	820
410	822
410	827
410	833
410	835
410	836
410	837
410	841
410	842
410	843
411	420
411	423
411	424
411	462
411	483
411	801
411	807
411	811
411	817
411	820
411	823
411	828
411	834
411	835
411	836
411	837
411	840
411	843
411	848
411	851
412	413
412	415
412	419
412	421
412	422
412	479
412	493
412	802
412	808
412	813
412	825
412	826
412	831
412	832
412	838
412	839
412	840
412	850
412	851
413	414
413	415
413	416
413	802
413	804
413	808
413	810
413	816
413	822
413	826
413	827
413	832
413	833
413	838
413	839
413	840
413	841
413	842
413	843
414	415
414	416
414	422
414	423
414	490
414	804
414	810
414	816
414	818
414	822
414	827
414	830
414	833
414	838
414	841
414	842
414	843
414	845
414	847
414	849
415	416
415	419
415	421
415	422
415	479
415	493
415	804
415	810
415	813
415	816
415	822
415	825
415	827
415	831
415	833
415	841
415	842
415	843
415	850
415	851
416	419
416	420
416	804
416	805
416	810
416	816
416	822
416	827
416	833
416	837
416	841
416	842
416	843
416	845
416	846
417	418
417	447
417	829
417	844
418	447
418	532
418	844
419	420
419	421
419	422
419	479
419	493
419	805
419	813
419	825
419	831
419	837
419	845
419	846
419	850
419	851
420	423
420	424
420	483
420	805
420	811
420	817
420	823
420	828
420	834
420	837
420	840
420	843
420	845
420	846
420	848
420	851
421	422
421	479
421	493
421	812
421	813
421	824
421	825
421	831
421	835
421	841
421	847
421	848
421	850
421	851
422	423
422	479
422	490
422	493
422	813
422	818
422	825
422	830
422	831
422	838
422	845
422	847
422	849
422	850
422	851
423	424
423	483
423	490
423	811
423	817
423	818
423	823
423	828
423	830
423	834
423	838
423	840
423	843
423	845
423	847
423	848
423	849
423	851
424	466
424	483
424	803
424	809
424	811
424	817
424	823
424	828
424	834
424	836
424	839
424	840
424	842
424	843
424	846
424	848
424	849
424	850
424	851
425	434
425	467
425	468
425	589
425	601
426	428
426	505
426	569
426	576
426	577
426	578
426	579
426	580
426	581
426	582
426	583
426	584
428	489
428	491
428	505
428	569
428	576
428	577
430	432
430	436
430	455
430	641
430	642
431	432
431	643
431	644
432	436
432	455
432	643
432	644
433	456
433	611
433	631
433	642
433	644
433	647
433	775
434	467
434	468
434	601
434	632
435	615
435	799
435	800
435	801
435	802
435	803
435	804
435	805
436	455
436	596
437	438
437	477
438	614
438	756
438	757
439	440
439	441
439	452
440	441
440	453
440	491
440	492
441	481
441	494
442	455
442	581
442	590
442	591
442	592
442	593
442	594
442	595
442	598
442	599
442	600
443	448
443	449
443	530
443	619
443	620
443	621
444	664
445	465
445	484
445	487
446	447
446	622
446	623
446	624
446	625
446	632
447	622
447	623
447	624
447	625
448	449
448	619
448	620
448	621
448	800
448	806
448	819
448	830
448	831
448	832
448	833
448	834
449	450
449	451
449	600
449	613
449	619
449	620
449	621
449	645
449	646
449	647
450	451
450	600
450	613
450	645
450	646
450	647
451	600
451	613
451	645
451	646
451	647
452	453
452	602
452	603
452	604
452	605
452	606
452	607
452	608
452	609
453	491
453	492
453	602
453	603
453	604
453	605
453	606
453	607
453	608
453	609
454	458
454	486
454	580
454	592
454	627
454	648
454	649
454	650
454	651
454	652
455	581
455	590
455	591
455	592
455	593
455	594
455	595
456	611
456	642
456	644
456	647
456	775
457	458
457	459
457	653
457	654
457	655
457	656
457	657
458	459
458	486
458	653
458	654
458	655
458	656
458	657
459	469
459	470
459	653
459	654
459	655
459	656
459	657
460	461
460	472
460	495
461	472
461	495
461	639
462	479
462	801
462	807
462	820
462	835
462	836
462	837
463	779
463	783
463	784
464	465
464	790
465	484
465	487
465	790
466	754
466	755
466	756
466	803
466	809
466	836
466	839
466	842
466	846
466	849
466	850
467	468
467	484
467	601
467	731
468	487
468	601
469	470
471	482
472	495
472	617
472	640
472	681
473	474
473	497
473	682
473	683
473	684
474	497
474	499
475	620
475	624
475	633
475	673
475	716
477	716
478	495
479	493
479	813
479	825
479	831
479	850
479	851
480	481
480	492
480	494
481	494
482	496
483	811
483	817
483	823
483	828
483	834
483	840
483	843
483	848
483	851
484	487
484	731
488	490
488	498
488	799
488	806
488	807
488	808
488	809
488	810
488	811
489	491
490	498
490	818
490	830
490	838
490	845
490	847
490	849
491	492
492	494
493	813
493	825
493	831
493	850
493	851
497	500
498	757
499	500
501	502
501	507
501	518
501	519
501	520
501	521
501	522
501	523
502	514
502	515
503	622
505	569
505	576
505	577
506	759
507	508
507	509
507	510
507	511
507	512
507	513
507	518
507	519
507	520
507	521
507	522
507	523
508	509
508	510
508	511
508	512
508	513
508	518
508	524
508	525
508	526
508	527
508	528
509	510
509	511
509	512
509	513
509	519
509	534
509	539
509	543
509	544
509	545
509	546
509	547
510	511
510	512
510	513
510	520
510	535
510	540
510	544
510	552
510	553
510	554
511	512
511	513
511	521
511	549
511	558
511	564
511	567
511	568
512	513
512	514
512	516
512	522
512	550
512	563
512	564
513	523
513	538
513	547
513	551
513	554
513	559
513	560
513	561
514	515
514	516
514	522
514	550
514	563
514	564
515	517
515	524
515	539
515	540
515	541
515	542
516	517
516	522
516	550
516	563
516	564
517	524
517	539
517	540
517	541
517	542
518	519
518	520
518	521
518	522
518	523
518	524
518	525
518	526
518	527
518	528
519	520
519	521
519	522
519	523
519	534
519	539
519	543
519	544
519	545
519	546
519	547
520	521
520	522
520	523
520	535
520	540
520	544
520	552
520	553
520	554
521	522
521	523
521	549
521	558
521	564
521	567
521	568
522	523
522	550
522	563
522	564
523	538
523	547
523	551
523	554
523	559
523	560
523	561
524	525
524	526
524	527
524	528
524	539
524	540
524	541
524	542
525	526
525	527
525	528
525	548
525	552
525	560
525	565
525	567
526	527
526	528
526	533
526	534
526	535
526	536
526	537
526	538
527	528
527	536
527	541
527	545
527	553
527	561
527	566
527	568
528	537
528	542
528	546
528	548
528	549
528	550
528	551
529	610
529	611
529	612
529	613
530	531
532	844
533	534
533	535
533	536
533	537
533	538
533	543
533	563
533	565
533	566
534	535
534	536
534	537
534	538
534	539
534	543
534	544
534	545
534	546
534	547
535	536
535	537
535	538
535	540
535	544
535	552
535	553
535	554
536	537
536	538
536	541
536	545
536	553
536	561
536	566
536	568
537	538
537	542
537	546
537	548
537	549
537	550
537	551
538	547
538	551
538	554
538	559
538	560
538	561
539	540
539	541
539	542
539	543
539	544
539	545
539	546
539	547
540	541
540	542
540	544
540	552
540	553
540	554
541	542
541	545
541	553
541	561
541	566
541	568
542	546
542	548
542	549
542	550
542	551
543	544
543	545
543	546
543	547
543	563
543	565
543	566
544	545
544	546
544	547
544	552
544	553
544	554
545	546
545	547
545	553
545	561
545	566
545	568
546	547
546	548
546	549
546	550
546	551
547	551
547	554
547	559
547	560
547	561
548	549
548	550
548	551
548	552
548	560
548	565
548	567
549	550
549	551
549	558
549	564
549	567
549	568
550	551
550	563
550	564
551	554
551	559
551	560
551	561
552	553
552	554
552	560
552	565
552	567
553	554
553	561
553	566
553	568
554	559
554	560
554	561
555	556
555	557
557	562
558	559
558	564
558	567
558	568
559	560
559	561
560	561
560	565
560	567
561	566
561	568
563	564
563	565
563	566
564	567
564	568
565	566
565	567
566	568
567	568
569	570
569	571
569	576
569	577
570	571
570	572
570	573
570	574
571	574
571	577
572	573
572	574
572	588
573	574
573	576
573	585
573	587
573	588
574	577
576	577
576	585
576	587
576	588
578	579
578	580
578	581
578	582
578	583
578	584
578	590
578	648
578	653
578	707
578	749
578	773
578	787
578	788
579	580
579	581
579	582
579	583
579	584
579	591
579	626
579	627
579	628
579	629
579	630
580	581
580	582
580	583
580	584
580	592
580	627
580	648
580	649
580	650
580	651
580	652
581	582
581	583
581	584
581	590
581	591
581	592
581	593
581	594
581	595
582	583
582	584
582	655
582	707
582	708
582	709
582	710
583	584
583	656
583	660
583	709
583	721
583	749
583	750
583	751
584	657
584	661
584	710
584	722
584	751
584	788
584	798
585	586
585	587
585	588
586	587
587	588
589	790
590	591
590	592
590	593
590	594
590	595
590	648
590	653
590	707
590	749
590	773
590	787
590	788
591	592
591	593
591	594
591	595
591	626
591	627
591	628
591	629
591	630
592	593
592	594
592	595
592	627
592	648
592	649
592	650
592	651
592	652
593	594
593	595
593	628
593	650
593	659
593	750
593	774
593	794
593	798
594	595
594	629
594	651
594	658
594	659
594	660
594	661
595	630
595	652
595	773
595	774
598	599
598	600
598	645
598	662
598	688
599	600
599	646
599	662
599	663
600	613
600	645
600	646
600	647
602	603
602	604
602	605
602	606
602	607
602	608
602	609
602	711
602	724
602	762
602	771
602	772
603	604
603	605
603	606
603	607
603	608
603	609
603	674
603	675
603	676
603	677
603	678
603	679
603	680
604	605
604	606
604	607
604	608
604	609
604	676
604	694
604	712
604	725
604	762
604	763
604	764
605	606
605	607
605	608
605	609
605	677
605	703
605	740
605	747
605	763
605	771
605	781
605	782
606	607
606	608
606	609
606	665
606	666
606	667
606	668
606	669
606	670
606	671
606	672
607	608
607	609
607	670
607	696
607	741
607	769
607	791
607	795
607	797
608	609
608	671
608	697
608	724
608	725
608	726
608	727
608	728
609	672
609	698
609	728
609	742
609	770
609	792
609	797
610	611
610	612
610	613
610	641
610	643
610	753
610	775
611	612
611	613
611	642
611	644
611	647
611	775
612	613
613	645
613	646
613	647
614	756
614	757
615	799
615	800
615	801
615	802
615	803
615	804
615	805
616	617
616	639
616	640
617	640
617	681
618	685
619	620
619	621
619	623
619	633
619	634
620	621
620	624
620	633
620	673
620	716
621	673
622	623
622	624
622	625
623	624
623	625
623	633
623	634
624	625
624	633
624	673
624	716
625	634
626	627
626	628
626	629
626	630
626	658
626	720
626	787
626	794
627	628
627	629
627	630
627	648
627	649
627	650
627	651
627	652
628	629
628	630
628	650
628	659
628	750
628	774
628	794
628	798
629	630
629	651
629	658
629	659
629	660
629	661
630	652
630	773
630	774
631	688
631	718
631	719
633	634
633	673
633	716
635	636
635	637
635	638
635	732
635	766
635	786
636	637
636	638
636	733
636	760
636	761
637	638
637	732
637	733
637	734
638	761
638	766
638	767
639	640
640	681
641	642
641	643
641	753
641	775
642	644
642	647
642	775
643	644
643	753
643	775
644	647
644	775
645	646
645	647
645	662
645	688
646	647
646	662
646	663
647	775
648	649
648	650
648	651
648	652
648	653
648	707
648	749
648	773
648	787
648	788
649	650
649	651
649	652
649	654
649	708
649	720
649	721
649	722
650	651
650	652
650	659
650	750
650	774
650	794
650	798
651	652
651	658
651	659
651	660
651	661
652	773
652	774
653	654
653	655
653	656
653	657
653	707
653	749
653	773
653	787
653	788
654	655
654	656
654	657
654	708
654	720
654	721
654	722
655	656
655	657
655	707
655	708
655	709
655	710
656	657
656	660
656	709
656	721
656	749
656	750
656	751
657	661
657	710
657	722
657	751
657	788
657	798
658	659
658	660
658	661
658	720
658	787
658	794
659	660
659	661
659	750
659	774
659	794
659	798
660	661
660	709
660	721
660	749
660	750
660	751
661	710
661	722
661	751
661	788
661	798
662	663
662	688
663	719
664	753
665	666
665	667
665	668
665	669
665	670
665	671
665	672
665	674
665	692
665	701
665	738
665	745
665	768
665	769
665	770
666	667
666	668
666	669
666	670
666	671
666	672
666	675
666	693
666	702
666	739
666	746
666	768
666	781
666	791
666	792
667	668
667	669
667	670
667	671
667	672
667	701
667	702
667	703
667	704
667	705
667	706
668	669
668	670
668	671
668	672
668	692
668	693
668	694
668	695
668	696
668	697
668	698
669	670
669	671
669	672
669	695
669	711
669	712
669	713
669	714
669	715
670	671
670	672
670	696
670	741
670	769
670	791
670	795
670	797
671	672
671	697
671	724
671	725
671	726
671	727
671	728
672	698
672	728
672	742
672	770
672	792
672	797
673	716
674	675
674	676
674	677
674	678
674	679
674	680
674	692
674	701
674	738
674	745
674	768
674	769
674	770
675	676
675	677
675	678
675	679
675	680
675	693
675	702
675	739
675	746
675	768
675	781
675	791
675	792
676	677
676	678
676	679
676	680
676	694
676	712
676	725
676	762
676	763
676	764
677	678
677	679
677	680
677	703
677	740
677	747
677	763
677	771
677	781
677	782
678	679
678	680
678	704
678	713
678	726
678	745
678	746
678	747
678	748
679	680
679	705
679	714
679	727
679	738
679	739
679	740
679	741
679	742
680	706
680	715
680	748
680	764
680	772
680	782
680	795
682	683
682	684
682	699
682	754
682	793
683	684
683	699
683	700
684	796
686	687
686	752
686	765
687	736
687	737
688	718
688	719
689	690
689	691
689	729
689	777
689	783
689	789
690	691
690	737
690	765
690	780
691	779
691	780
692	693
692	694
692	695
692	696
692	697
692	698
692	701
692	738
692	745
692	768
692	769
692	770
693	694
693	695
693	696
693	697
693	698
693	702
693	739
693	746
693	768
693	781
693	791
693	792
694	695
694	696
694	697
694	698
694	712
694	725
694	762
694	763
694	764
695	696
695	697
695	698
695	711
695	712
695	713
695	714
695	715
696	697
696	698
696	741
696	769
696	791
696	795
696	797
697	698
697	724
697	725
697	726
697	727
697	728
698	728
698	742
698	770
698	792
698	797
699	700
699	754
699	793
700	755
700	793
701	702
701	703
701	704
701	705
701	706
701	738
701	745
701	768
701	769
701	770
702	703
702	704
702	705
702	706
702	739
702	746
702	768
702	781
702	791
702	792
703	704
703	705
703	706
703	740
703	747
703	763
703	771
703	781
703	782
704	705
704	706
704	713
704	726
704	745
704	746
704	747
704	748
705	706
705	714
705	727
705	738
705	739
705	740
705	741
705	742
706	715
706	748
706	764
706	772
706	782
706	795
707	708
707	709
707	710
707	749
707	773
707	787
707	788
708	709
708	710
708	720
708	721
708	722
709	710
709	721
709	749
709	750
709	751
710	722
710	751
710	788
710	798
711	712
711	713
711	714
711	715
711	724
711	762
711	771
711	772
712	713
712	714
712	715
712	725
712	762
712	763
712	764
713	714
713	715
713	726
713	745
713	746
713	747
713	748
714	715
714	727
714	738
714	739
714	740
714	741
714	742
715	748
715	764
715	772
715	782
715	795
718	719
720	721
720	722
720	787
720	794
721	722
721	749
721	750
721	751
722	751
722	788
722	798
724	725
724	726
724	727
724	728
724	762
724	771
724	772
725	726
725	727
725	728
725	762
725	763
725	764
726	727
726	728
726	745
726	746
726	747
726	748
727	728
727	738
727	739
727	740
727	741
727	742
728	742
728	770
728	792
728	797
729	730
729	777
729	783
729	789
730	778
730	784
730	789
732	733
732	734
732	766
732	786
733	734
733	760
733	761
734	744
734	767
734	776
734	786
736	737
736	752
737	765
737	780
738	739
738	740
738	741
738	742
738	745
738	768
738	769
738	770
739	740
739	741
739	742
739	746
739	768
739	781
739	791
739	792
740	741
740	742
740	747
740	763
740	771
740	781
740	782
741	742
741	769
741	791
741	795
741	797
742	770
742	792
742	797
743	744
743	760
743	776
744	767
744	776
744	786
745	746
745	747
745	748
745	768
745	769
745	770
746	747
746	748
746	768
746	781
746	791
746	792
747	748
747	763
747	771
747	781
747	782
748	764
748	772
748	782
748	795
749	750
749	751
749	773
749	787
749	788
750	751
750	774
750	794
750	798
751	788
751	798
752	765
753	775
754	755
754	756
754	793
755	756
755	793
756	757
760	761
760	776
761	766
761	767
762	763
762	764
762	771
762	772
763	764
763	771
763	781
763	782
764	772
764	782
764	795
765	780
766	767
766	786
767	776
767	786
768	769
768	770
768	781
768	791
768	792
769	770
769	791
769	795
769	797
770	792
770	797
771	772
771	781
771	782
772	782
772	795
773	774
773	787
773	788
774	794
774	798
776	786
777	778
777	783
777	789
778	784
778	789
779	780
779	783
779	784
781	782
781	791
781	792
782	795
783	784
783	789
784	789
787	788
787	794
788	798
791	792
791	795
791	797
792	797
794	798
795	797
799	800
799	801
799	802
799	803
799	804
799	805
799	806
799	807
799	808
799	809
799	810
799	811
800	801
800	802
800	803
800	804
800	805
800	806
800	819
800	830
800	831
800	832
800	833
800	834
801	802
801	803
801	804
801	805
801	807
801	820
801	835
801	836
801	837
802	803
802	804
802	805
802	808
802	826
802	832
802	838
802	839
802	840
803	804
803	805
803	809
803	836
803	839
803	842
803	846
803	849
803	850
804	805
804	810
804	816
804	822
804	827
804	833
804	841
804	842
804	843
805	837
805	845
805	846
806	807
806	808
806	809
806	810
806	811
806	819
806	830
806	831
806	832
806	833
806	834
807	808
807	809
807	810
807	811
807	820
807	835
807	836
807	837
808	809
808	810
808	811
808	826
808	832
808	838
808	839
808	840
809	810
809	811
809	836
809	839
809	842
809	846
809	849
809	850
810	811
810	816
810	822
810	827
810	833
810	841
810	842
810	843
811	817
811	823
811	828
811	834
811	840
811	843
811	848
811	851
812	813
812	814
812	815
812	816
812	817
812	824
812	835
812	841
812	847
812	848
813	814
813	815
813	816
813	817
813	825
813	831
813	850
813	851
814	815
814	816
814	817
814	818
814	819
814	820
814	821
814	822
814	823
815	816
815	817
815	821
815	824
815	825
815	826
815	827
815	828
816	817
816	822
816	827
816	833
816	841
816	842
816	843
817	823
817	828
817	834
817	840
817	843
817	848
817	851
818	819
818	820
818	821
818	822
818	823
818	830
818	838
818	845
818	847
818	849
819	820
819	821
819	822
819	823
819	830
819	831
819	832
819	833
819	834
820	821
820	822
820	823
820	835
820	836
820	837
821	822
821	823
821	824
821	825
821	826
821	827
821	828
822	823
822	827
822	833
822	841
822	842
822	843
823	828
823	834
823	840
823	843
823	848
823	851
824	825
824	826
824	827
824	828
824	835
824	841
824	847
824	848
825	826
825	827
825	828
825	831
825	850
825	851
826	827
826	828
826	832
826	838
826	839
826	840
827	828
827	833
827	841
827	842
827	843
828	834
828	840
828	843
828	848
828	851
829	844
830	831
830	832
830	833
830	834
830	838
830	845
830	847
830	849
831	832
831	833
831	834
831	850
831	851
832	833
832	834
832	838
832	839
832	840
833	834
833	841
833	842
833	843
834	840
834	843
834	848
834	851
835	836
835	837
835	841
835	847
835	848
836	837
836	839
836	842
836	846
836	849
836	850
837	845
837	846
838	839
838	840
838	845
838	847
838	849
839	840
839	842
839	846
839	849
839	850
840	843
840	848
840	851
841	842
841	843
841	847
841	848
842	843
842	846
842	849
842	850
843	848
843	851
845	846
845	847
845	849
846	849
846	850
847	848
847	849
848	851
849	850
850	851
