1	165
1	326
1	775
1	860
3	20
3	123
3	996
3	999
3	1108
3	1127
3	1134
3	1231
3	1262
4	64
4	115
4	831
4	883
5	11
5	26
5	74
5	85
5	94
5	118
5	134
5	206
5	212
5	281
5	366
5	438
5	675
5	722
5	725
5	868
5	976
5	1244
6	214
8	14
8	61
8	96
8	150
8	187
8	266
8	826
8	1161
8	1196
8	1234
8	1286
8	1291
10	1211
11	26
11	74
11	85
11	94
11	118
11	134
11	206
11	212
11	281
11	366
11	438
11	675
11	722
11	725
11	868
11	976
11	1244
12	62
12	72
12	73
12	103
12	140
12	264
12	305
12	677
12	927
13	57
13	182
13	310
13	390
13	451
13	610
13	612
13	626
13	697
14	61
14	96
14	150
14	187
14	266
14	826
14	1161
14	1196
14	1234
14	1286
14	1291
15	44
15	221
15	447
15	774
15	777
15	779
15	799
17	849
19	445
20	123
20	996
20	999
20	1108
20	1127
20	1134
20	1231
20	1262
21	23
21	52
21	54
21	68
21	102
21	120
21	159
21	166
21	167
21	181
21	191
21	200
21	202
21	228
21	236
21	256
21	265
21	335
21	382
21	852
21	858
21	861
21	1077
21	1078
21	1280
23	52
23	54
23	68
23	102
23	120
23	159
23	166
23	167
23	181
23	191
23	200
23	202
23	228
23	236
23	256
23	265
23	335
23	382
23	852
23	858
23	861
23	1077
23	1078
23	1280
26	74
26	85
26	94
26	118
26	134
26	206
26	212
26	281
26	366
26	438
26	675
26	722
26	725
26	868
26	976
26	1244
27	361
28	163
28	287
28	327
29	39
29	288
33	86
33	121
33	132
33	154
33	209
33	300
33	314
33	355
33	961
33	1124
33	1188
33	1261
35	63
35	90
35	149
35	174
35	234
35	289
35	292
35	329
35	399
35	416
35	680
37	88
37	100
37	109
37	219
37	331
37	474
37	492
37	517
37	533
37	563
37	1201
37	1271
39	288
41	55
41	111
41	198
41	220
41	230
41	240
41	316
41	324
41	341
41	371
41	381
41	401
41	439
41	476
41	478
41	484
41	490
41	497
41	499
41	500
41	503
41	506
41	510
41	512
41	513
41	520
41	530
41	531
41	532
41	537
41	540
41	543
41	552
41	571
41	579
41	667
41	785
41	823
41	906
41	910
41	918
41	970
41	974
41	990
41	1034
41	1047
41	1122
41	1172
42	975
44	221
44	447
44	774
44	777
44	779
44	799
50	283
50	1256
51	65
52	54
52	68
52	102
52	120
52	159
52	166
52	167
52	181
52	191
52	200
52	202
52	228
52	236
52	256
52	265
52	335
52	382
52	852
52	858
52	861
52	1077
52	1078
52	1280
53	870
54	68
54	102
54	120
54	159
54	166
54	167
54	181
54	191
54	200
54	202
54	228
54	236
54	256
54	265
54	335
54	382
54	852
54	858
54	861
54	1077
54	1078
54	1280
55	111
55	198
55	220
55	230
55	240
55	316
55	324
55	341
55	371
55	381
55	401
55	439
55	476
55	478
55	484
55	490
55	497
55	499
55	500
55	503
55	506
55	510
55	512
55	513
55	520
55	530
55	531
55	532
55	537
55	540
55	543
55	552
55	571
55	579
55	667
55	785
55	823
55	906
55	910
55	918
55	970
55	974
55	990
55	1034
55	1047
55	1122
55	1172
57	182
57	310
57	390
57	451
57	610
57	612
57	626
57	697
60	284
61	96
61	150
61	187
61	266
61	826
61	1161
61	1196
61	1234
61	1286
61	1291
62	72
62	73
62	103
62	140
62	264
62	305
62	677
62	927
63	90
63	149
63	174
63	234
63	289
63	292
63	399
63	416
64	115
64	831
64	883
68	102
68	120
68	159
68	166
68	167
68	181
68	191
68	200
68	202
68	228
68	236
68	256
68	265
68	335
68	382
68	852
68	858
68	861
68	1077
68	1078
68	1280
72	73
72	103
72	140
72	264
72	305
72	677
72	927
73	103
73	140
73	264
73	305
73	677
73	927
74	85
74	94
74	118
74	134
74	206
74	212
74	281
74	366
74	438
74	675
74	722
74	725
74	868
74	976
74	1244
75	298
75	594
75	845
75	955
75	1069
76	690
76	748
77	153
77	190
77	233
77	1103
81	95
81	203
81	291
81	301
81	359
81	404
81	418
85	94
85	118
85	134
85	206
85	212
85	281
85	366
85	438
85	675
85	722
85	725
85	868
85	976
85	1244
86	121
86	132
86	154
86	209
86	300
86	314
86	355
86	961
86	1124
86	1188
86	1261
88	100
88	109
88	219
88	331
88	474
88	492
88	517
88	533
88	563
88	1201
88	1271
89	325
90	149
90	174
90	234
90	289
90	292
90	399
90	416
92	297
94	118
94	134
94	206
94	212
94	281
94	366
94	438
94	675
94	722
94	725
94	868
94	976
94	1244
95	203
95	291
95	301
95	359
95	404
95	418
96	150
96	187
96	266
96	826
96	1161
96	1196
96	1234
96	1286
96	1291
100	109
100	219
100	331
100	474
100	492
100	517
100	533
100	563
100	1201
100	1271
102	120
102	159
102	166
102	167
102	181
102	191
102	200
102	202
102	228
102	236
102	256
102	265
102	335
102	382
102	852
102	858
102	861
102	1077
102	1078
102	1280
103	140
103	264
103	305
103	677
103	927
107	213
107	270
107	271
107	309
107	339
107	352
107	362
107	388
107	400
107	410
107	414
107	428
107	443
107	663
107	948
107	1109
109	219
109	331
109	474
109	492
109	517
109	533
109	563
109	1201
109	1271
111	198
111	220
111	230
111	240
111	316
111	324
111	341
111	371
111	381
111	401
111	439
111	476
111	478
111	484
111	490
111	497
111	499
111	500
111	503
111	506
111	510
111	512
111	513
111	520
111	530
111	531
111	532
111	537
111	540
111	543
111	552
111	571
111	579
111	667
111	785
111	823
111	906
111	910
111	918
111	970
111	974
111	990
111	1034
111	1047
111	1122
111	1172
112	224
112	226
112	261
112	369
112	383
112	432
114	251
114	710
114	730
114	844
115	831
115	883
116	129
116	152
116	181
117	1184
118	134
118	206
118	212
118	281
118	366
118	438
118	675
118	722
118	725
118	868
118	976
118	1244
120	159
120	166
120	167
120	181
120	191
120	200
120	202
120	228
120	236
120	256
120	265
120	335
120	382
120	852
120	858
120	861
120	1077
120	1078
120	1280
121	132
121	154
121	209
121	300
121	314
121	355
121	961
121	1124
121	1188
121	1261
122	1279
123	996
123	999
123	1108
123	1127
123	1134
123	1231
123	1262
127	306
127	360
127	396
127	993
129	152
129	181
130	1245
131	420
131	915
131	924
131	1274
132	154
132	209
132	300
132	314
132	355
132	961
132	1124
132	1188
132	1261
133	340
134	206
134	212
134	281
134	366
134	438
134	675
134	722
134	725
134	868
134	976
134	1244
136	141
136	375
136	429
136	431
136	455
136	464
139	175
139	232
139	238
139	280
139	395
139	620
139	776
139	899
139	1001
139	1031
139	1107
139	1158
139	1257
139	1269
140	264
140	305
140	677
140	927
141	375
141	429
141	431
141	455
141	464
142	164
142	338
142	350
142	413
142	752
142	1030
142	1112
142	1288
146	1229
147	156
147	207
147	229
147	436
147	569
147	786
147	836
148	189
148	307
148	817
148	819
148	829
148	830
149	174
149	234
149	289
149	292
149	399
149	416
150	187
150	266
150	826
150	1161
150	1196
150	1234
150	1286
150	1291
151	1284
152	181
153	190
153	233
153	1103
154	209
154	300
154	314
154	355
154	961
154	1124
154	1188
154	1261
156	207
156	229
156	436
156	569
156	786
156	836
159	166
159	167
159	181
159	191
159	200
159	202
159	228
159	236
159	256
159	265
159	335
159	382
159	852
159	858
159	861
159	1077
159	1078
159	1280
162	336
163	287
163	327
164	338
164	350
164	413
164	752
164	1030
164	1112
164	1288
165	326
165	775
165	860
166	167
166	181
166	191
166	200
166	202
166	228
166	236
166	256
166	265
166	335
166	382
166	852
166	858
166	861
166	1077
166	1078
166	1280
167	181
167	191
167	200
167	202
167	228
167	236
167	256
167	265
167	335
167	382
167	852
167	858
167	861
167	1077
167	1078
167	1280
169	1149
171	575
171	1044
174	234
174	289
174	292
174	399
174	416
175	232
175	238
175	280
175	395
175	620
175	776
175	899
175	1001
175	1031
175	1107
175	1158
175	1257
175	1269
178	422
178	483
178	508
178	518
178	566
178	917
179	475
179	525
179	557
179	1095
180	411
181	191
181	200
181	202
181	228
181	236
181	256
181	265
181	335
181	382
181	852
181	858
181	861
181	1077
181	1078
181	1280
182	310
182	390
182	451
182	610
182	612
182	626
182	697
186	1046
186	1075
187	266
187	826
187	1161
187	1196
187	1234
187	1286
187	1291
189	307
189	817
189	819
189	829
189	830
190	233
190	1103
191	200
191	202
191	228
191	236
191	256
191	265
191	335
191	382
191	852
191	858
191	861
191	1077
191	1078
191	1280
193	224
198	220
198	230
198	240
198	316
198	324
198	341
198	371
198	381
198	401
198	439
198	476
198	478
198	484
198	490
198	497
198	499
198	500
198	503
198	506
198	510
198	512
198	513
198	520
198	530
198	531
198	532
198	537
198	540
198	543
198	552
198	571
198	579
198	667
198	785
198	823
198	906
198	910
198	918
198	970
198	974
198	990
198	1034
198	1047
198	1122
198	1172
200	202
200	228
200	236
200	256
200	265
200	335
200	382
200	852
200	858
200	861
200	1077
200	1078
200	1280
202	228
202	236
202	256
202	265
202	335
202	382
202	852
202	858
202	861
202	1077
202	1078
202	1280
203	291
203	301
203	359
203	404
203	418
206	212
206	281
206	366
206	438
206	675
206	722
206	725
206	868
206	976
206	1244
207	229
207	436
207	569
207	786
207	836
209	300
209	314
209	355
209	961
209	1124
209	1188
209	1261
212	281
212	366
212	438
212	675
212	722
212	725
212	868
212	976
212	1244
213	270
213	271
213	309
213	339
213	352
213	362
213	388
213	400
213	410
213	414
213	428
213	443
213	663
213	948
213	1109
216	295
216	824
219	331
219	474
219	492
219	517
219	533
219	563
219	1201
219	1271
220	230
220	240
220	316
220	324
220	341
220	371
220	381
220	401
220	439
220	476
220	478
220	484
220	490
220	497
220	499
220	500
220	503
220	506
220	510
220	512
220	513
220	520
220	530
220	531
220	532
220	537
220	540
220	543
220	552
220	571
220	579
220	667
220	785
220	823
220	906
220	910
220	918
220	970
220	974
220	990
220	1034
220	1047
220	1122
220	1172
221	447
221	774
221	777
221	779
221	799
222	714
223	241
223	745
223	1036
223	1093
223	1135
223	1195
223	1222
223	1226
224	226
224	261
224	369
224	383
224	432
226	261
226	369
226	383
226	432
227	688
228	236
228	256
228	265
228	335
228	382
228	852
228	858
228	861
228	1077
228	1078
228	1280
229	436
229	569
229	786
229	836
230	240
230	316
230	324
230	341
230	371
230	381
230	401
230	439
230	476
230	478
230	484
230	490
230	497
230	499
230	500
230	503
230	506
230	510
230	512
230	513
230	520
230	530
230	531
230	532
230	537
230	540
230	543
230	552
230	571
230	579
230	667
230	785
230	823
230	906
230	910
230	918
230	970
230	974
230	990
230	1034
230	1047
230	1122
230	1172
230	1245
231	337
231	406
231	847
231	936
231	1091
232	238
232	280
232	395
232	620
232	776
232	899
232	1001
232	1031
232	1107
232	1158
232	1257
232	1269
233	1103
234	289
234	292
234	399
234	416
236	256
236	265
236	335
236	382
236	852
236	858
236	861
236	1077
236	1078
236	1280
238	280
238	395
238	620
238	776
238	899
238	1001
238	1031
238	1107
238	1158
238	1257
238	1269
240	316
240	324
240	341
240	371
240	381
240	401
240	439
240	476
240	478
240	484
240	490
240	497
240	499
240	500
240	503
240	506
240	510
240	512
240	513
240	520
240	530
240	531
240	532
240	537
240	540
240	543
240	552
240	571
240	579
240	667
240	785
240	823
240	906
240	910
240	918
240	970
240	974
240	990
240	1034
240	1047
240	1122
240	1172
241	745
241	1036
241	1093
241	1135
241	1195
241	1222
241	1226
245	435
245	642
245	719
245	742
245	1187
247	1155
250	793
250	846
250	1215
251	710
251	730
251	844
255	1104
256	265
256	335
256	382
256	852
256	858
256	861
256	1077
256	1078
256	1280
260	825
260	890
260	921
260	922
260	949
260	1012
260	1040
260	1042
260	1055
260	1067
260	1085
260	1110
260	1119
260	1129
260	1157
260	1193
260	1252
261	369
261	383
261	432
264	305
264	677
264	927
265	335
265	382
265	852
265	858
265	861
265	1077
265	1078
265	1280
266	826
266	1161
266	1196
266	1234
266	1286
266	1291
270	271
270	309
270	339
270	352
270	362
270	388
270	400
270	410
270	414
270	428
270	443
270	663
270	948
270	1109
271	309
271	339
271	352
271	362
271	388
271	400
271	410
271	414
271	428
271	443
271	663
271	948
271	1109
275	698
278	353
278	427
278	477
278	509
278	514
278	553
278	580
280	395
280	620
280	776
280	899
280	1001
280	1031
280	1107
280	1158
280	1257
280	1269
281	366
281	438
281	675
281	722
281	725
281	868
281	976
281	1244
283	1256
286	766
286	913
286	1151
287	327
289	292
289	399
289	416
291	301
291	359
291	404
291	418
292	399
292	416
295	824
296	732
298	594
298	845
298	955
298	1069
300	314
300	355
300	961
300	1124
300	1188
300	1261
301	359
301	404
301	418
303	648
303	709
303	850
305	677
305	927
306	360
306	396
306	993
307	817
307	819
307	829
307	830
309	339
309	352
309	362
309	388
309	400
309	410
309	414
309	428
309	443
309	663
309	948
309	1109
310	390
310	451
310	610
310	612
310	626
310	697
314	355
314	961
314	1124
314	1188
314	1261
316	324
316	341
316	371
316	381
316	401
316	439
316	476
316	478
316	484
316	490
316	497
316	499
316	500
316	503
316	506
316	510
316	512
316	513
316	520
316	530
316	531
316	532
316	537
316	540
316	543
316	552
316	571
316	579
316	667
316	785
316	823
316	906
316	910
316	918
316	970
316	974
316	990
316	1034
316	1047
316	1122
316	1172
319	1156
320	885
321	769
324	341
324	371
324	381
324	401
324	439
324	476
324	478
324	484
324	490
324	497
324	499
324	500
324	503
324	506
324	510
324	512
324	513
324	520
324	530
324	531
324	532
324	537
324	540
324	543
324	552
324	571
324	579
324	667
324	785
324	823
324	906
324	910
324	918
324	970
324	974
324	990
324	1034
324	1047
324	1122
324	1172
326	775
326	860
327	412
328	365
328	387
329	680
331	474
331	492
331	517
331	533
331	563
331	1201
331	1271
335	382
335	852
335	858
335	861
335	1077
335	1078
335	1280
337	406
337	847
337	936
337	1091
338	350
338	413
338	752
338	1030
338	1112
338	1288
339	352
339	362
339	388
339	400
339	410
339	414
339	428
339	443
339	663
339	948
339	1109
341	371
341	381
341	401
341	439
341	476
341	478
341	484
341	490
341	497
341	499
341	500
341	503
341	506
341	510
341	512
341	513
341	520
341	530
341	531
341	532
341	537
341	540
341	543
341	552
341	571
341	579
341	667
341	785
341	823
341	906
341	910
341	918
341	970
341	974
341	990
341	1034
341	1047
341	1122
341	1172
342	392
342	505
342	1204
343	425
343	625
348	978
350	413
350	752
350	1030
350	1112
350	1288
351	380
351	768
351	782
351	800
351	842
351	1101
352	362
352	388
352	400
352	410
352	414
352	428
352	443
352	663
352	948
352	1109
353	427
353	477
353	509
353	514
353	553
353	580
355	961
355	1124
355	1188
355	1261
359	404
359	418
360	396
360	993
362	388
362	400
362	410
362	414
362	428
362	443
362	663
362	948
362	1109
365	387
366	438
366	675
366	722
366	725
366	868
366	976
366	1244
367	434
369	383
369	432
371	381
371	401
371	439
371	476
371	478
371	484
371	490
371	497
371	499
371	500
371	503
371	506
371	510
371	512
371	513
371	520
371	530
371	531
371	532
371	537
371	540
371	543
371	552
371	571
371	579
371	667
371	785
371	823
371	906
371	910
371	918
371	970
371	974
371	990
371	1034
371	1047
371	1122
371	1172
373	378
374	1048
374	1098
374	1267
375	429
375	431
375	455
375	464
376	407
379	385
380	768
380	782
380	800
380	842
380	1101
381	401
381	439
381	476
381	478
381	484
381	490
381	497
381	499
381	500
381	503
381	506
381	510
381	512
381	513
381	520
381	530
381	531
381	532
381	537
381	540
381	543
381	552
381	571
381	579
381	667
381	785
381	823
381	906
381	910
381	918
381	970
381	974
381	990
381	1034
381	1047
381	1122
381	1172
382	852
382	858
382	861
382	1077
382	1078
382	1280
383	432
388	400
388	410
388	414
388	428
388	443
388	663
388	948
388	1109
390	451
390	610
390	612
390	626
390	697
392	505
392	1204
395	620
395	776
395	899
395	1001
395	1031
395	1107
395	1158
395	1257
395	1269
396	993
399	416
400	410
400	414
400	428
400	443
400	663
400	948
400	1109
401	439
401	476
401	478
401	484
401	490
401	497
401	499
401	500
401	503
401	506
401	510
401	512
401	513
401	520
401	530
401	531
401	532
401	537
401	540
401	543
401	552
401	571
401	579
401	667
401	785
401	823
401	906
401	910
401	918
401	970
401	974
401	990
401	1034
401	1047
401	1122
401	1172
404	418
406	847
406	936
406	1091
410	414
410	428
410	443
410	663
410	948
410	1109
413	752
413	1030
413	1112
413	1288
414	428
414	443
414	663
414	948
414	1109
415	867
415	928
420	915
420	924
420	1274
422	483
422	508
422	518
422	566
422	917
425	625
426	659
426	700
426	717
426	734
427	477
427	509
427	514
427	553
427	580
428	443
428	663
428	948
428	1109
429	431
429	455
429	464
430	821
431	455
431	464
435	642
435	719
435	742
435	1187
436	569
436	786
436	836
438	675
438	722
438	725
438	868
438	976
438	1244
439	476
439	478
439	484
439	490
439	497
439	499
439	500
439	503
439	506
439	510
439	512
439	513
439	520
439	530
439	531
439	532
439	537
439	540
439	543
439	552
439	571
439	579
439	667
439	785
439	823
439	906
439	910
439	918
439	970
439	974
439	990
439	1034
439	1047
439	1122
439	1172
443	663
443	948
443	1109
447	774
447	777
447	779
447	799
448	749
448	1249
451	610
451	612
451	626
451	697
455	464
471	1128
474	492
474	517
474	533
474	563
474	1201
474	1271
475	525
475	557
475	1095
476	478
476	484
476	490
476	497
476	499
476	500
476	503
476	506
476	510
476	512
476	513
476	520
476	530
476	531
476	532
476	537
476	540
476	543
476	552
476	571
476	579
476	667
476	785
476	823
476	906
476	910
476	918
476	970
476	974
476	990
476	1034
476	1047
476	1122
476	1172
477	509
477	514
477	553
477	580
478	484
478	490
478	497
478	499
478	500
478	503
478	506
478	510
478	512
478	513
478	520
478	530
478	531
478	532
478	537
478	540
478	543
478	552
478	571
478	579
478	667
478	785
478	823
478	906
478	910
478	918
478	970
478	974
478	990
478	1034
478	1047
478	1122
478	1172
483	508
483	518
483	566
483	917
484	490
484	497
484	499
484	500
484	503
484	506
484	510
484	512
484	513
484	520
484	530
484	531
484	532
484	537
484	540
484	543
484	552
484	571
484	579
484	667
484	785
484	823
484	906
484	910
484	918
484	970
484	974
484	990
484	1034
484	1047
484	1122
484	1172
488	562
489	539
490	497
490	499
490	500
490	503
490	506
490	510
490	512
490	513
490	520
490	530
490	531
490	532
490	537
490	540
490	543
490	552
490	571
490	579
490	667
490	785
490	823
490	906
490	910
490	918
490	970
490	974
490	990
490	1034
490	1047
490	1122
490	1172
492	517
492	533
492	563
492	1201
492	1271
497	499
497	500
497	503
497	506
497	510
497	512
497	513
497	520
497	530
497	531
497	532
497	537
497	540
497	543
497	552
497	571
497	579
497	667
497	785
497	823
497	906
497	910
497	918
497	970
497	974
497	990
497	1034
497	1047
497	1122
497	1172
499	500
499	503
499	506
499	510
499	512
499	513
499	520
499	530
499	531
499	532
499	537
499	540
499	543
499	552
499	571
499	579
499	667
499	785
499	823
499	906
499	910
499	918
499	970
499	974
499	990
499	1034
499	1047
499	1122
499	1172
500	503
500	506
500	510
500	512
500	513
500	520
500	530
500	531
500	532
500	537
500	540
500	543
500	552
500	571
500	579
500	667
500	785
500	823
500	906
500	910
500	918
500	970
500	974
500	990
500	1034
500	1047
500	1122
500	1172
502	515
503	506
503	510
503	512
503	513
503	520
503	530
503	531
503	532
503	537
503	540
503	543
503	552
503	571
503	579
503	667
503	785
503	823
503	906
503	910
503	918
503	970
503	974
503	990
503	1034
503	1047
503	1122
503	1172
505	1204
506	510
506	512
506	513
506	520
506	530
506	531
506	532
506	537
506	540
506	543
506	552
506	571
506	579
506	667
506	785
506	823
506	906
506	910
506	918
506	970
506	974
506	990
506	1034
506	1047
506	1122
506	1172
508	518
508	566
508	917
509	514
509	553
509	580
510	512
510	513
510	520
510	530
510	531
510	532
510	537
510	540
510	543
510	552
510	571
510	579
510	667
510	785
510	823
510	906
510	910
510	918
510	970
510	974
510	990
510	1034
510	1047
510	1122
510	1172
512	513
512	520
512	530
512	531
512	532
512	537
512	540
512	543
512	552
512	571
512	579
512	667
512	785
512	823
512	906
512	910
512	918
512	970
512	974
512	990
512	1034
512	1047
512	1122
512	1172
513	520
513	530
513	531
513	532
513	537
513	540
513	543
513	552
513	571
513	579
513	667
513	785
513	823
513	906
513	910
513	918
513	970
513	974
513	990
513	1034
513	1047
513	1122
513	1172
514	553
514	580
516	547
517	533
517	563
517	1201
517	1271
518	566
518	917
520	530
520	531
520	532
520	537
520	540
520	543
520	552
520	571
520	579
520	667
520	785
520	823
520	906
520	910
520	918
520	970
520	974
520	990
520	1034
520	1047
520	1122
520	1172
525	557
525	1095
527	550
530	531
530	532
530	537
530	540
530	543
530	552
530	571
530	579
530	667
530	785
530	823
530	906
530	910
530	918
530	970
530	974
530	990
530	1034
530	1047
530	1122
530	1172
531	532
531	537
531	540
531	543
531	552
531	571
531	579
531	667
531	785
531	823
531	906
531	910
531	918
531	970
531	974
531	990
531	1034
531	1047
531	1122
531	1172
532	537
532	540
532	543
532	552
532	571
532	579
532	667
532	785
532	823
532	906
532	910
532	918
532	970
532	974
532	990
532	1034
532	1047
532	1122
532	1172
533	563
533	1201
533	1271
536	882
536	889
536	1000
536	1163
537	540
537	543
537	552
537	571
537	579
537	667
537	785
537	823
537	906
537	910
537	918
537	970
537	974
537	990
537	1034
537	1047
537	1122
537	1172
540	543
540	552
540	571
540	579
540	667
540	785
540	823
540	906
540	910
540	918
540	970
540	974
540	990
540	1034
540	1047
540	1122
540	1172
543	552
543	571
543	579
543	667
543	785
543	823
543	906
543	910
543	918
543	970
543	974
543	990
543	1034
543	1047
543	1122
543	1172
552	571
552	579
552	667
552	785
552	823
552	906
552	910
552	918
552	970
552	974
552	990
552	1034
552	1047
552	1122
552	1172
553	580
557	1095
563	1201
563	1271
564	1273
566	917
569	786
569	836
571	579
571	667
571	785
571	823
571	906
571	910
571	918
571	970
571	974
571	990
571	1034
571	1047
571	1122
571	1172
575	1044
576	1057
579	667
579	785
579	823
579	906
579	910
579	918
579	970
579	974
579	990
579	1034
579	1047
579	1122
579	1172
583	587
583	750
587	588
587	750
594	845
594	955
594	1069
598	623
599	880
599	1081
610	612
610	626
610	697
612	626
612	697
614	735
617	705
617	718
620	776
620	899
620	1001
620	1031
620	1107
620	1158
620	1257
620	1269
626	697
629	651
629	676
629	697
629	707
629	744
629	764
631	664
633	1060
633	1063
634	638
634	805
634	888
634	898
634	1144
634	1180
634	1287
638	805
638	888
638	898
638	1144
638	1180
638	1287
642	719
642	742
642	1187
648	709
648	850
651	676
651	697
651	707
651	744
651	764
659	700
659	734
663	948
663	1109
667	785
667	823
667	906
667	910
667	918
667	970
667	974
667	990
667	1034
667	1047
667	1122
667	1172
670	873
675	722
675	725
675	868
675	976
675	1244
676	697
676	707
676	744
676	764
677	927
684	931
685	911
685	919
685	979
685	1009
685	1160
690	748
697	707
697	744
697	764
700	734
703	738
705	718
707	744
707	764
709	850
710	730
710	844
719	742
719	1187
722	725
722	868
722	976
722	1244
725	868
725	976
725	1244
729	733
729	760
729	1022
730	844
733	760
733	1022
737	952
737	1130
739	833
739	1169
742	1187
744	764
745	1036
745	1093
745	1135
745	1195
745	1222
745	1226
749	1249
752	1030
752	1112
752	1288
760	1022
766	913
766	1151
768	782
768	800
768	842
768	1101
774	777
774	779
774	799
775	860
776	899
776	1001
776	1031
776	1107
776	1158
776	1257
776	1269
777	779
777	799
778	992
779	799
782	800
782	842
782	1101
785	823
785	906
785	910
785	918
785	970
785	974
785	990
785	1034
785	1047
785	1122
785	1172
786	836
793	846
793	1215
800	842
800	1101
802	1237
805	888
805	898
805	1144
805	1180
805	1287
809	872
816	1094
817	819
817	829
817	830
819	829
819	830
823	906
823	910
823	918
823	970
823	974
823	990
823	1034
823	1047
823	1122
823	1172
825	890
825	921
825	922
825	949
825	1012
825	1040
825	1042
825	1055
825	1067
825	1085
825	1110
825	1119
825	1129
825	1157
825	1193
825	1252
826	1161
826	1196
826	1234
826	1286
826	1291
829	830
831	883
832	1221
833	1169
835	839
835	876
835	941
835	1251
839	876
839	941
839	1251
842	1101
845	955
845	1069
846	1215
847	936
847	1091
852	858
852	861
852	1077
852	1078
852	1280
858	861
858	1077
858	1078
858	1280
861	1077
861	1078
861	1280
867	928
868	976
868	1244
876	941
876	1251
880	1081
882	889
882	1000
882	1163
882	1246
888	898
888	1144
888	1180
888	1287
889	1000
889	1163
890	921
890	922
890	949
890	1012
890	1040
890	1042
890	1055
890	1067
890	1085
890	1110
890	1119
890	1129
890	1157
890	1193
890	1252
898	1144
898	1180
898	1287
899	1001
899	1031
899	1107
899	1158
899	1257
899	1269
904	1240
906	910
906	918
906	970
906	974
906	990
906	1034
906	1047
906	1122
906	1172
910	918
910	970
910	974
910	990
910	1034
910	1047
910	1122
910	1172
911	919
911	979
911	1009
911	1160
913	1151
915	924
915	1274
918	970
918	974
918	990
918	1034
918	1047
918	1122
918	1172
919	979
919	1009
919	1160
921	922
921	949
921	1012
921	1040
921	1042
921	1055
921	1067
921	1085
921	1110
921	1119
921	1129
921	1157
921	1193
921	1252
922	949
922	1012
922	1040
922	1042
922	1055
922	1067
922	1085
922	1110
922	1119
922	1129
922	1157
922	1193
922	1252
923	954
923	1076
924	1274
925	1199
925	1285
926	1066
926	1219
926	1276
929	1064
936	1091
938	1061
941	1251
943	1141
946	1164
947	963
948	1109
949	1012
949	1040
949	1042
949	1055
949	1067
949	1085
949	1110
949	1119
949	1129
949	1157
949	1193
949	1252
952	1130
954	1076
955	1069
961	1124
961	1188
961	1261
967	994
968	1246
970	974
970	990
970	1034
970	1047
970	1122
970	1172
974	990
974	1034
974	1047
974	1122
974	1172
976	1244
979	1009
979	1160
980	1263
982	1176
984	1106
984	1216
985	1289
990	1034
990	1047
990	1122
990	1172
996	999
996	1108
996	1127
996	1134
996	1231
996	1262
999	1108
999	1127
999	1134
999	1231
999	1262
1000	1163
1001	1031
1001	1107
1001	1158
1001	1257
1001	1269
1005	1006
1009	1160
1012	1040
1012	1042
1012	1055
1012	1067
1012	1085
1012	1110
1012	1119
1012	1129
1012	1157
1012	1193
1012	1252
1025	1183
1025	1232
1030	1112
1030	1288
1031	1107
1031	1158
1031	1257
1031	1269
1034	1047
1034	1122
1034	1172
1036	1093
1036	1135
1036	1195
1036	1222
1036	1226
1039	1194
1040	1042
1040	1055
1040	1067
1040	1085
1040	1110
1040	1119
1040	1129
1040	1157
1040	1193
1040	1252
1042	1055
1042	1067
1042	1085
1042	1110
1042	1119
1042	1129
1042	1157
1042	1193
1042	1252
1046	1075
1047	1122
1047	1172
1048	1098
1048	1267
1055	1067
1055	1085
1055	1110
1055	1119
1055	1129
1055	1157
1055	1193
1055	1252
1060	1063
1066	1219
1066	1276
1067	1085
1067	1110
1067	1119
1067	1129
1067	1157
1067	1193
1067	1252
1077	1078
1077	1280
1078	1280
1079	1182
1085	1110
1085	1119
1085	1129
1085	1157
1085	1193
1085	1252
1093	1135
1093	1195
1093	1222
1093	1226
1097	1220
1098	1267
1106	1216
1107	1158
1107	1257
1107	1269
1108	1127
1108	1134
1108	1231
1108	1262
1110	1119
1110	1129
1110	1157
1110	1193
1110	1252
1112	1288
1117	1167
1119	1129
1119	1157
1119	1193
1119	1252
1122	1172
1124	1188
1124	1261
1125	1168
1127	1134
1127	1231
1127	1262
1129	1157
1129	1193
1129	1252
1133	1225
1134	1231
1134	1262
1135	1195
1135	1222
1135	1226
1144	1180
1144	1287
1157	1193
1157	1233
1157	1252
1158	1257
1158	1269
1159	1235
1161	1196
1161	1234
1161	1286
1161	1291
1180	1287
1183	1232
1186	1243
1188	1261
1193	1252
1195	1222
1195	1226
1196	1234
1196	1286
1196	1291
1199	1285
1201	1271
1219	1276
1222	1226
1231	1262
1234	1286
1234	1291
1257	1269
1286	1291
