1	2
1	3
1	4
1	6
1	7
1	9
1	12
1	13
1	14
1	15
1	17
1	18
1	21
1	22
1	30
1	31
1	33
1	34
1	37
1	39
1	40
1	41
1	42
1	44
1	49
1	50
1	51
1	52
1	53
1	54
1	55
1	57
1	59
1	60
1	61
1	62
1	63
1	66
1	67
1	68
1	69
1	70
1	75
1	77
1	80
1	81
1	84
1	85
1	86
1	88
1	90
1	91
1	92
1	93
1	97
1	101
1	102
1	103
1	105
1	108
1	109
1	114
1	116
1	117
1	118
1	120
1	123
1	124
1	125
1	126
1	131
1	133
1	134
1	136
1	137
1	138
1	139
1	140
1	141
1	142
1	143
1	144
1	145
1	146
1	150
1	152
1	155
1	156
1	157
1	160
1	166
1	167
1	170
1	171
1	176
1	178
1	179
1	180
1	181
1	182
1	184
1	185
1	186
1	187
2	9
2	30
2	72
2	91
2	96
2	97
2	101
2	108
2	109
2	118
2	122
2	125
2	131
2	148
2	167
2	187
3	11
3	23
4	5
7	94
8	164
10	140
11	23
11	181
12	53
13	38
13	80
14	95
14	123
16	25
19	127
20	170
21	73
21	74
23	35
23	39
24	25
25	29
25	80
25	130
26	96
27	28
27	128
30	108
32	58
32	157
32	170
33	37
33	119
33	143
33	150
33	156
33	162
33	176
34	141
34	157
35	36
36	122
37	75
37	162
38	67
38	90
40	113
42	115
43	96
44	45
44	157
46	115
46	175
47	106
48	49
48	76
49	104
49	105
49	129
49	138
49	145
49	151
49	166
56	111
57	58
59	167
62	132
63	110
64	81
65	139
65	141
69	95
70	71
70	123
72	125
72	128
73	74
73	157
75	76
77	127
78	79
78	128
78	139
79	139
81	82
81	83
81	128
83	139
86	170
87	93
89	115
90	123
91	108
91	187
92	167
93	122
93	148
94	128
94	172
95	123
95	157
96	97
96	145
96	149
96	159
97	98
97	99
97	100
97	128
99	149
101	108
107	159
108	118
108	131
108	145
108	180
109	110
109	111
109	112
109	113
109	128
112	139
113	117
115	142
115	154
115	173
115	174
115	186
117	141
127	128
127	129
128	131
128	135
128	167
128	168
128	173
131	132
131	133
131	180
134	170
136	147
137	139
139	146
141	146
141	160
150	162
153	182
157	158
157	162
157	164
161	187
162	163
162	164
162	165
162	176
164	185
168	170
169	185
173	174
182	183
