1	104
1	121
1	175
1	203
2	7
2	21
2	26
2	30
2	33
2	43
2	47
2	68
2	69
2	72
2	73
2	74
2	75
2	78
2	79
2	82
2	83
2	84
2	85
2	86
2	87
2	88
2	89
2	90
2	91
2	92
2	93
2	94
2	95
2	97
2	98
2	99
2	100
2	101
2	102
2	103
2	105
2	106
2	108
2	109
2	112
2	114
2	115
2	116
2	117
2	118
2	119
2	120
2	121
2	122
2	123
2	124
2	125
2	126
2	128
2	130
2	131
2	132
2	133
2	134
2	135
2	136
2	137
2	138
2	142
2	143
2	145
2	146
2	147
2	150
2	151
2	152
2	154
2	155
2	156
2	158
2	159
2	160
2	161
2	163
2	164
2	165
2	166
2	167
2	168
2	170
2	173
2	174
2	175
2	176
2	177
2	178
2	180
2	181
2	182
2	183
2	184
2	185
2	186
2	189
2	190
2	192
2	194
2	196
2	198
2	199
2	200
2	201
2	202
2	203
2	204
2	205
2	210
2	211
2	216
2	218
2	219
2	220
2	223
2	224
2	225
2	229
4	5
5	96
5	137
7	76
8	137
10	11
11	137
12	13
12	209
13	116
13	209
14	15
14	177
15	87
15	111
16	17
16	18
16	74
18	179
19	159
19	206
21	65
21	84
22	164
24	171
25	78
25	184
26	163
28	137
28	197
29	30
29	208
31	177
32	121
34	35
34	207
35	116
35	123
35	207
36	72
36	113
36	133
36	157
37	80
38	73
38	197
39	73
40	41
40	42
40	113
41	42
42	72
42	75
42	171
43	152
44	101
44	165
45	140
45	163
46	114
47	72
47	75
47	113
47	155
47	162
47	187
47	208
48	110
48	155
48	187
49	209
50	152
51	229
52	72
53	82
54	55
54	56
54	83
57	206
58	83
59	101
59	113
59	123
59	207
60	72
61	62
61	183
62	152
63	229
64	87
64	111
66	87
67	110
69	91
70	71
71	166
71	213
73	103
75	81
77	226
78	93
78	97
78	102
78	158
78	167
78	168
78	174
78	217
78	226
79	104
79	209
79	225
81	144
83	134
83	146
83	213
84	114
85	127
85	172
86	221
89	110
89	225
90	91
90	208
90	222
91	95
91	129
91	163
91	197
93	226
94	229
95	199
97	167
97	196
97	206
99	141
99	167
99	226
100	229
101	125
101	147
101	226
101	230
102	226
103	131
104	134
104	144
104	176
104	204
104	225
105	119
105	141
109	217
109	229
110	134
111	221
112	172
112	219
114	183
115	227
117	221
118	221
119	131
119	140
119	195
120	229
124	224
125	140
125	191
125	230
128	175
128	178
130	213
131	158
131	167
133	224
134	154
134	156
134	176
134	225
135	157
136	220
139	224
140	141
140	186
140	217
140	230
141	186
141	211
146	213
147	207
147	227
148	208
148	212
148	220
150	212
150	220
152	226
152	227
156	205
158	167
158	168
160	221
162	208
167	168
167	169
167	196
169	206
174	226
175	224
175	229
176	225
180	214
182	208
182	220
183	225
183	230
184	220
184	229
185	214
191	230
194	224
195	196
195	217
196	201
196	206
198	225
200	226
202	206
207	226
207	227
208	220
208	222
208	223
211	214
213	216
214	217
220	223
222	223
226	227
