1	2
1	4
1	216
1	219
1	264
2	4
2	114
3	194
4	11
4	12
4	13
4	15
4	16
4	17
4	22
4	23
4	24
4	26
4	28
4	29
4	30
4	31
4	34
4	35
4	36
4	37
4	38
4	41
4	43
4	45
4	48
4	49
4	55
4	56
4	60
4	74
4	75
4	78
4	79
4	80
4	87
4	90
4	92
4	93
4	98
4	107
4	108
4	109
4	110
4	111
4	113
4	114
4	115
4	117
4	120
4	121
4	125
4	126
4	128
4	130
4	131
4	134
4	137
4	140
4	144
4	148
4	157
4	158
4	159
4	160
4	161
4	162
4	163
4	164
4	167
4	171
4	174
4	177
4	179
4	182
4	183
4	184
4	185
4	187
4	191
4	192
4	193
4	194
4	198
4	199
4	201
4	204
4	205
4	206
4	207
4	208
4	215
4	216
4	217
4	218
4	219
4	220
4	221
4	222
4	223
4	224
4	225
4	227
4	228
4	229
4	231
4	232
4	235
4	239
4	246
4	247
4	248
4	249
4	250
4	251
4	252
4	253
4	255
4	256
4	258
4	259
4	263
4	265
5	34
5	122
5	194
6	191
7	9
7	32
7	101
7	191
8	97
9	12
9	44
10	12
10	35
10	74
10	83
10	125
10	126
11	90
11	207
12	35
12	83
12	125
12	173
12	185
13	48
13	49
14	37
14	93
14	102
15	218
15	219
16	71
16	165
16	233
17	59
18	19
18	76
18	148
19	20
19	76
19	148
20	21
20	76
20	146
20	148
21	76
21	148
24	48
24	49
25	66
26	172
26	260
27	33
27	36
28	48
28	49
29	30
29	31
29	47
29	54
29	87
29	219
29	239
30	47
31	54
34	48
34	49
34	70
35	83
36	50
36	51
36	67
36	70
36	202
37	77
37	93
37	165
37	225
37	249
38	66
38	262
39	40
40	54
41	42
41	194
43	54
44	227
45	57
45	58
46	140
47	52
47	84
47	118
47	149
47	200
47	239
48	50
48	51
48	103
48	124
48	133
48	196
48	197
48	202
48	235
48	244
49	103
49	124
49	133
49	197
49	235
49	244
50	121
50	127
50	130
50	141
50	144
50	168
50	203
50	237
51	121
51	127
51	130
51	141
51	144
51	168
51	203
51	237
52	53
52	157
52	158
52	229
52	241
53	54
54	88
54	89
54	106
54	107
54	112
54	149
54	150
54	155
54	157
54	163
54	166
54	186
54	245
54	251
54	252
57	254
57	257
58	140
60	236
61	175
62	154
62	227
63	167
63	190
64	65
64	110
64	113
64	130
64	191
65	170
66	193
66	236
67	143
67	193
67	236
67	252
68	69
70	82
70	193
70	194
70	253
71	140
71	158
72	107
72	111
72	113
73	148
76	93
76	148
76	230
76	243
76	256
77	93
77	102
77	256
78	80
79	80
80	81
82	101
82	108
82	132
82	185
82	191
82	255
83	136
83	195
85	87
85	167
85	216
85	222
86	87
86	222
87	161
87	211
87	212
87	213
87	214
87	215
88	89
90	181
91	218
92	165
93	140
93	210
93	230
93	249
93	256
94	95
94	96
94	97
95	97
96	97
99	130
99	144
99	158
100	158
102	105
102	135
104	188
106	107
107	217
107	262
108	191
109	140
110	146
112	113
115	231
116	117
118	119
121	202
127	202
128	191
129	130
130	202
132	189
134	178
138	139
140	148
140	209
140	230
140	260
141	202
142	256
143	252
144	202
145	199
146	147
146	262
147	148
148	210
148	220
148	230
148	256
149	151
150	151
152	227
155	156
157	158
159	257
160	178
162	165
162	225
163	164
165	224
165	225
165	249
166	167
168	202
170	195
170	204
170	227
170	259
172	178
173	227
175	176
175	180
176	180
176	219
177	180
178	238
178	256
178	260
183	204
184	257
185	191
186	187
189	255
191	255
191	258
194	263
195	204
196	197
202	203
202	237
209	256
211	214
211	215
212	213
212	215
213	215
214	215
217	218
218	219
220	256
222	223
225	249
226	227
230	256
231	232
234	235
239	240
241	242
245	246
251	252
251	261
255	257
256	260
