7 52 99 107 120 123 192 237 316 389 411 424 450 420 421 96 190 260 465 137 413 380 67 172 108 317 211 339 18 472 325 327 300 303 
84 86 191 225 234 242 275 329 348 419 460 494 131 309 306 287 269 488 223 198 301 72 228 378 148 219 25 239 152 359 180 23 395 110 444 418 277 76 68 64 493 476 153 262 26 177 183 502 176 323 154 206 221 256 446 475 92 167 37 
4 56 94 149 270 346 368 414 434 479 489 209 11 135 
24 48 51 73 217 298 382 401 428 457 159 278 3 404 106 136 471 75 238 433 203 226 147 240 342 437 184 1 9 40 294 452 218 186 495 210 374 33 250 490 
42 100 162 334 358 393 405 407 455 462 189 208 396 41 187 214 202 307 259 
2 199 293 325 341 368 440 469 472 55 10 300 6 271 327 280 220 432 303 360 477 
80 97 112 126 140 142 304 340 388 98 244 46 441 464 422 409 117 416 229 146 498 272 357 383 480 390 
125 158 279 291 379 392 438 467 19 447 230 468 150 466 27 212 45 408 456 344 222 451 415 288 15 71 399 79 173 354 285 22 201 454 391 33 308 296 
14 38 168 178 258 345 369 459 62 88 406 501 439 
57 81 102 145 274 313 349 398 290 321 445 436 375 423 224 161 50 276 257 297 355 61 386 458 139 353 461 487 252 127 332 266 363 431 299 442 13 500 328 429 400 310 196 181 188 308 439 101 367 
39 103 193 248 283 351 403 435 185 118 384 
58 60 157 171 175 376 497 482 179 281 485 442 254 370 30 297 
115 213 245 305 310 333 430 74 247 101 44 
65 87 133 144 160 371 425 289 249 320 122 267 319 372 324 246 156 387 116 343 480 200 113 164 314 390 448 315 322 365 31 335 83 330 89 132 169 227 5 272 292 282 481 470 47 337 205 410 394 95 236 36 492 499 243 182 82 
65 69 255 273 302 330 261 427 484 251 235 83 483 16 284 70 429 326 474 355 303 365 454 196 400 439 406 
20 215 338 381 385 473 109 377 362 322 347 315 247 282 207 134 295 163 59 128 166 463 85 292 34 66 443 
63 104 121 195 361 503 268 373 21 336 28 151 461 252 364 231 93 500 
32 35 181 201 241 412 17 114 188 139 292 282 116 89 454 285 391 13 3 250 490 
29 91 264 318 366 397 
54 130 138 311 90 356 263 8 12 350 129 352 127 
66 85 392 456 34 453 186 119 200 173 443 188 218 463 
170 232 367 431 331 266 487 308 335 31 294 
174 194 486 491 233 426 78 53 197 124 155 82 143 253 286 478 496 
200 227 344 385 5 308 109 347 169 43 77 66 34 443 155 124 319 119 453 186 188 
