 1020 4303 4841 4889 4998 1414 4514 1684 2244 3206 2917 2877 236 2392 2404 3642 3387 809 
 4918 2443 292 4570 1211 4043 4462 4794 3399 4398 4673 3747 3417 4754 4176 1762 3662 2301 2484 4168 3365 3345 2863 
 1031 3268 3810 4813 3172 4131 4419 4452 3528 4359 3987 3731 2993 
 4939 1032 4698 4891 4976 2987 1200 4942 4172 1243 4759 2378 1513 4953 1432 4947 4352 2341 1604 3859 1693 3842 3246 2508 2894 2051 4445 2135 2702 2247 2270 2406 2423 2531 2539 2629 2893 4044 3456 3583 3529 684 714 
 1040 4158 4444 4777 4836 4058 4873 4081 3408 4484 1258 4569 4669 1339 3324 3468 4063 4414 3961 3328 738 2623 3035 3799 
 1046 3901 4209 4711 4936 3655 4082 4659 3230 3306 2517 2237 4321 2842 3022 3802 3484 
 105 3915 4643 4795 3723 4342 4318 3853 3687 2605 2398 4486 2259 4169 2449 959 2989 
 4764 1052 3875 4832 4844 742 4551 1265 4173 4019 4093 3367 2420 3496 4098 2520 3418 3275 3865 
 4749 106 4742 4924 4960 1118 2034 4357 4057 4558 3461 4245 1289 4041 1763 3393 4665 1925 2380 3785 4232 2043 2128 2205 3538 2930 2979 3363 
 4307 4328 2743 3756 1066 4716 1081 4456 4684 4366 1352 2317 1614 3581 2030 3704 3731 91 
 4939 4982 4866 4944 4035 4523 4182 4774 1074 4541 1721 4781 4218 4588 3941 3188 4381 4829 4987 4040 4734 688 3205 4856 4552 2667 3892 1853 4986 2630 1916 4156 4640 3645 4010 2090 4506 2136 218 4391 2271 3768 2530 3180 3439 4390 3003 3014 3052 754 
 3725 1078 4453 4854 4956 4929 4558 2831 4983 4476 4032 3623 3943 1578 4283 3473 2613 3783 2754 2760 4016 3102 4195 
 4528 4562 1084 4655 4786 4937 4555 3563 3743 3513 4703 2527 4812 4806 3170 2463 2846 3762 2598 2924 2941 919 
 4848 4969 1086 4541 1119 4050 4441 1521 2952 2264 4248 2483 3319 419 
 4764 4871 4965 109 4963 4978 4837 3993 2475 3243 3660 1245 4387 4073 4627 3204 4862 4694 142 4478 4184 4440 1535 2099 4045 4254 4046 1610 3859 1618 3252 1869 1909 2048 3739 3066 642 800 958 
 2973 4274 4966 4649 4009 1375 4648 4786 3722 1103 2870 4508 4946 1975 2221 4691 4971 4167 4683 4705 4838 4842 4136 3568 4062 2491 1866 3838 1991 4428 3376 2168 2192 2257 2438 2557 2809 2844 2862 3351 422 570 
 1108 3616 4069 4653 4988 4530 2659 1634 29 1965 3609 2234 4013 3850 2437 766 606 
 4919 4579 1128 4410 4805 4479 4967 2686 1302 4575 4669 1411 4618 1416 4853 4687 4176 1740 1839 3955 1945 2056 2064 4272 2448 2811 3090 2614 2774 773 3549 438 
 4080 3189 4910 3006 3166 113 4038 4421 3923 4586 3831 4201 2473 4804 3345 3090 3263 3451 
 115 3544 4401 4819 
 4903 1151 4260 4801 4904 1169 4781 4761 3976 4740 3891 3192 3906 2517 2097 3112 2144 2641 3918 2360 2376 3689 2565 2573 3281 4195 3878 756 961 
 4433 4495 4078 3378 4335 4629 1152 4706 4861 4406 3475 4549 729 2249 4431 2518 3428 3427 4519 3265 
 4451 1165 3081 4246 4877 4606 4252 4638 4201 3658 4363 3730 2895 3714 2394 3641 2682 3331 3122 
 4859 4299 921 4358 3844 4986 1857 4632 4013 3950 3120 2497 2951 3194 696 
 2740 4931 4086 1192 3472 4427 4768 4707 4554 3304 4149 4592 3904 4063 3055 4135 3051 3595 2941 635 3379 3421 887 
 3733 4286 120 4236 4674 4880 1654 2997 2073 2085 2130 2222 4027 2386 2629 2706 3347 
 1844 4578 4102 1215 2475 4796 127 2627 3139 3998 2248 1843 3087 3208 2912 2696 
 4803 1291 219 4364 
 4657 4893 4767 864 4167 3508 1393 4455 3711 2793 305 
 4910 4421 585 3263 
 4447 4799 4973 4983 1244 3678 4290 4874 4979 4151 137 3778 4810 4147 1588 2493 3019 3493 3255 4178 2250 2325 2515 2550 4077 2640 3224 2978 3186 3861 3202 
 4599 4362 4189 4418 3431 3869 4187 4598 138 4542 1811 661 2913 
 4080 4444 3352 4475 4212 4497 4995 3177 3999 4710 4815 3654 139 3004 3670 4548 3396 4731 1992 3755 2657 4312 3500 850 
 4253 4820 4887 4879 4846 4208 4839 3789 3852 331 4652 3912 4346 4536 3728 3741 4395 2403 2490 4120 
 3652 4117 4227 4597 1463 3135 912 4374 3289 4139 
 4955 4505 2558 4300 3726 2339 4514 3079 151 3846 
 4977 4105 4882 4693 4533 2805 3430 4733 3690 3691 4561 3438 3686 4411 4661 87 156 2661 3839 2664 4464 3857 2985 2524 3425 3419 
 4645 4961 4758 4399 3779 4349 4171 4287 4598 3928 4717 4221 1543 171 4735 3545 2305 4109 3469 3270 2199 4090 512 2871 2534 3168 4091 777 
 4946 3847 4572 2117 16 2777 2427 3862 2600 
 4668 4766 3856 4650 1452 3907 4488 3264 4113 2928 4222 4002 859 4087 1883 4281 2411 3169 2557 
 4980 4538 1717 306 
 4715 4957 178 4036 
 4685 2061 3488 4228 1687 3548 180 3457 3478 3147 3917 2179 3837 
 4785 4834 4977 4823 3071 4686 3945 3325 3152 4373 4325 4587 2153 1538 4459 4056 4865 182 3754 1885 3702 2024 3864 3413 3597 2879 2907 583 90 
 4449 4543 1260 2374 1830 436 3394 2602 365 3386 948 
 1433 4535 4811 4469 1333 4613 4658 3972 3355 2478 1594 4467 4468 1923 4123 184 2013 2220 3242 2469 2816 2531 43 3970 833 906 633 
 4714 4886 4369 4999 4322 4334 4308 4808 3248 195 4731 2158 2185 2265 30 4 702 590 
 3760 4894 4297 1297 4531 4544 4993 2850 3518 4347 2860 4726 1581 4229 4467 2231 4273 1901 3507 2960 1964 96 201 3823 2113 3272 2418 262 4129 3088 3096 855 
 4936 3461 3018 4952 4033 1783 3820 4194 2848 4262 20 3684 4336 2578 3158 2591 3091 
 5000 4647 4720 2022 2746 4660 4637 960 3866 3893 4312 
 4958 3213 4927 3187 3307 1301 2621 3479 2412 4415 4526 4198 2956 2584 524 2176 3460 3899 3311 2522 4144 3059 
 4711 4917 4927 4793 4666 1277 3251 4148 4250 4420 4679 1388 4141 3083 3736 3542 3860 3767 4388 639 2206 3979 2457 3073 3138 4313 612 
 3808 4024 4183 4671 4967 3786 4330 4652 2239 1630 2342 4481 214 4097 4301 4869 2540 2810 3849 
 3934 4492 1500 4282 1962 2391 3086 217 2641 
 3579 2872 4567 4962 1318 4197 4896 1436 4752 3623 3745 3628 2672 2446 1879 3107 3625 37 3017 3586 4048 2488 2458 3843 3990 2561 4049 2786 2822 3441 3202 3527 3604 
 3750 4789 4697 4522 4384 1764 3701 1773 220 2456 4249 3351 
 4237 3722 3040 4909 3540 4748 3933 1461 4385 4621 3968 1796 3098 4191 2083 3512 3085 2218 245 2253 2532 
 3364 4604 3577 4309 1522 3912 4215 4442 2287 2510 549 
 4905 2384 4763 1490 3780 3944 2582 3021 2377 2450 588 2847 
 4299 4547 1846 3481 4704 3261 4280 4068 2876 4145 4072 289 2954 4249 
 2011 4828 2511 4719 987 
 4935 3646 4886 4999 4610 4757 3161 4941 1360 4017 2633 3744 3434 3501 4582 3638 4409 935 4144 
 4852 4817 2566 614 
 4649 1772 4235 4304 3663 4018 1961 1912 3682 2545 2035 4470 2299 257 3292 518 
 4741 2580 267 3677 
 4992 4997 3426 4217 4457 4580 4796 4631 4166 4606 1378 4207 4945 3301 3707 3629 3155 3337 4422 2744 4033 1833 3209 4466 4076 3476 4409 2389 3751 4840 3561 2581 4159 2644 829 2731 3520 2771 4129 2818 2855 453 3285 759 821 
 2152 3539 4174 4850 3805 4247 3175 4769 2314 1850 4673 4684 1539 2590 3298 4337 2648 3392 76 4223 3666 3039 3503 
 4870 3429 4694 4060 2948 1639 2005 2889 970 
 4634 4970 4345 3775 4362 4880 4710 4490 3119 4037 4574 2405 2736 2620 2677 560 354 434 3575 750 
 4841 4955 4372 4482 3293 3855 3996 4984 4730 3243 1226 4948 1761 3659 4517 1836 4025 3400 3715 4582 3433 3866 2444 2950 472 4519 3533 3849 
 4485 4746 4289 3353 4400 3264 2479 3765 4023 2141 2639 3814 3951 3295 3514 276 3303 
 4802 4906 3805 4539 4231 1196 3871 4012 1381 3973 3752 3248 1802 4573 2142 2688 2772 515 3584 3954 46 
 4453 4929 2796 673 
 4877 4972 4923 4581 2859 4234 4360 3657 4509 3720 3190 2323 4180 2437 3470 3992 3157 963 4139 3066 3664 79 32 3343 3500 3865 3517 444 556 627 506 
 4813 4950 2577 4380 3815 1272 4192 4339 4728 2316 2971 3930 4465 2120 3055 1650 3922 4503 2599 2519 4576 4559 1840 4363 2106 3536 3718 4094 4869 2503 2754 720 3821 3522 
 4848 4860 3777 4326 4269 4500 4763 1557 2046 2298 1777 2676 3067 2456 2738 2909 2833 678 
 1575 3967 4692 4771 3874 3546 1401 3334 3516 4782 1530 2898 2935 3104 3580 757 962 
 4809 4933 4765 4150 3442 4448 3885 4954 4426 4473 4635 3727 4489 1282 3927 4364 4361 3605 4628 4843 1525 3629 4806 4494 2996 3692 2652 1731 3662 4239 3882 3949 2235 2240 2272 3312 2888 384 3276 3096 3640 3543 377 
 4944 3683 4615 4216 3934 4416 4837 4932 1232 3559 3630 4830 4603 4676 4870 4817 3000 3653 4501 4414 3800 1941 3473 4525 3011 4407 4925 3921 4450 3344 3239 4223 3283 300 324 3380 
 4622 4921 1915 4284 2159 4290 3105 4221 3819 4726 1779 3989 4435 2268 3374 3986 3565 4434 3039 307 577 
 4970 2773 2815 4709 3251 4892 4101 4425 4251 3800 4329 4477 2104 4061 2154 3042 3868 3227 3974 308 3341 3485 600 350 526 884 
 1249 3502 4692 4771 2499 3142 950 
 4074 4870 3207 558 
 4789 4522 4067 3027 3228 718 
 4888 4774 4217 2720 4930 4827 4737 4219 4824 4354 4899 1275 4510 4662 3188 3412 3651 4055 2069 3783 3348 340 
 3925 4700 4888 3432 1694 2643 474 
 4921 4897 4908 3764 4310 3256 4405 4974 4953 4184 4853 1459 1514 4079 3674 3793 2856 4417 4244 4681 3841 3610 4140 1919 3759 4664 4359 2091 3504 4090 2539 2637 3681 838 
 1319 4053 3615 4515 4680 3455 1471 4725 4675 2260 2904 2291 2931 3193 891 3624 
 4836 4520 4275 4389 3384 2884 3769 2070 2049 4428 2211 586 
 4995 4815 3541 2975 4020 816 
 2292 4238 4636 4718 4773 4979 4163 4862 3221 4957 4548 3545 4991 4471 3171 3089 4203 4271 4292 3519 4524 3397 2567 2682 3308 3648 355 
 4948 4171 3776 3463 3595 4142 3784 2587 3203 3439 2819 473 
 3983 4905 3525 3803 4926 3197 4001 3080 4670 2556 4138 2703 3121 874 385 625 
 4799 4747 4452 491 
 4914 4386 3828 4702 4930 4250 4343 4106 4511 4831 3464 3532 3542 2372 4162 3594 1937 3277 4432 2297 2866 3211 3084 2826 4044 3222 3608 3535 465 
 4279 4712 4868 1774 1353 4157 4305 4581 4751 4193 1524 4675 3423 2656 2375 2696 885 908 440 
 4807 4890 4276 4996 4818 4884 1257 4085 4863 1310 4054 2732 4612 4215 4798 1584 4656 2752 1648 4745 1749 3445 4281 1947 4179 2079 3638 2303 4248 2369 4170 4348 2588 2610 2721 2635 2705 3583 3738 3984 571 69 
 4483 4990 4537 4732 3269 4874 1328 4916 3009 2861 3125 3685 2224 3242 4395 4200 3095 2826 3795 3474 3421 3535 861 448 
 3975 4553 4942 3891 4600 4437 4296 4498 1967 1986 2015 4721 2047 3903 2400 2525 2642 3484 3570 578 
 3593 3494 4331 2116 4550 3498 4021 4884 4616 2595 1936 4640 2379 3771 2370 3317 3061 900 
 4401 4642 4819 4633 4005 3661 3146 2175 4486 3521 4431 4672 3395 2827 703 
 4714 4590 4493 4988 4529 4779 4900 4584 4696 3599 4661 3656 4430 3917 3375 3614 3781 2536 2441 3056 4313 3403 4288 803 
 4502 4832 3526 4022 4520 4857 4999 3964 4623 4828 4719 4808 4521 4573 3740 2867 4496 4602 3047 2873 2993 3153 3738 643 
 4562 4791 3900 4770 4780 1248 3483 4075 4980 4111 4552 4191 3880 2217 2254 2719 2541 774 
 4279 1876 4126 4297 4934 1273 4756 4826 4404 1512 1508 3883 4295 1644 2921 4540 1959 2830 1976 1999 2726 4470 3932 2124 3950 2497 3558 2782 3064 3954 
 4998 1546 4847 4906 4758 1222 4265 4773 4531 4592 3873 1383 3152 3904 1540 4681 4540 2583 2875 4016 3588 
 3716 4460 4682 4879 1420 4650 4799 4205 4647 4213 4070 4019 4875 4747 3811 4411 4316 4724 4052 3165 3952 3936 2972 4155 3693 3666 2959 3315 
 3683 4615 4595 1417 4004 4118 4377 1707 2710 2059 3124 3310 3506 3552 
 4657 4572 1194 3247 
 4765 4821 3534 4461 4693 4872 1195 4546 3931 3998 4609 2579 3346 4532 2100 2155 3274 2326 3035 3065 3338 3570 
 1203 3719 4580 4689 4707 1985 3449 
 4960 1204 3054 3617 3726 4756 1982 4324 4851 3782 4660 3154 3710 2589 
 3836 4824 4563 1210 3988 4320 4951 4676 4968 1441 2947 4487 2885 4727 4609 2096 4153 4177 2678 4262 3667 3709 4107 
 4154 4333 4816 4267 4412 1212 4208 4940 4943 2340 3010 4266 4782 4913 4591 3744 4472 4370 4754 1690 2114 2053 4319 2002 2897 3555 4164 2586 3349 
 1242 4172 4671 4967 
 1253 3313 3572 4327 4507 3622 1596 3982 4538 3705 3987 2186 3130 2343 3712 2907 
 3948 1269 3329 4095 4186 4269 4365 4458 3858 1849 2467 3214 3524 3023 
 4403 4898 4902 4825 4958 5000 4335 4372 4436 4034 3791 3099 3963 4030 4915 4028 4690 1278 4783 4680 4338 3382 3516 3490 4822 4210 4571 2669 3523 4353 3607 3002 4438 3713 
 4814 2949 4630 4872 3953 4474 4761 1279 2514 4213 4242 1474 4263 3701 2464 3435 1970 2060 2137 3806 4288 
 4103 3369 3971 4247 4887 4959 4482 2991 4264 1315 3889 4883 1387 3245 3585 4160 4099 3212 1880 2607 2157 4336 2356 3850 2422 2570 4390 3590 
 3377 4225 4787 4760 1326 4042 4949 3763 4408 4851 3620 1573 4384 4241 4025 4632 3710 2123 2707 3695 3184 3799 
 3267 3151 1338 3746 4439 4624 4938 3179 4611 3072 2854 4721 4407 4027 2361 3278 3832 3879 2408 2690 3466 
 4278 4692 3696 4755 1351 2416 3185 3881 1399 2259 3689 2432 3804 3312 
 4969 4864 4739 4355 4527 3981 1379 4545 4377 3825 2103 4415 1689 4257 3863 3872 4089 4255 2122 3201 3453 3781 3356 3806 
 4451 4989 4867 4911 4648 4820 4835 4994 3076 4205 3444 4266 1386 3420 4518 3410 1759 4368 1854 3639 3609 2021 2082 3801 3672 3033 3694 4272 
 3840 4196 2942 1432 4378 4491 4947 2817 1494 3123 4442 1957 3834 2776 3826 
 4007 4876 3601 3896 4907 4383 4720 4677 1443 3835 1640 3182 2962 2857 4865 3787 2840 2780 3048 3456 
 4931 3902 3913 4818 3927 4147 3137 1447 4133 4472 4056 2626 4353 3587 4125 3437 3489 
 3965 4716 4644 4583 3554 1449 4843 2471 
 3963 4106 1465 3012 4601 1599 3321 
 4767 4642 1472 4011 3978 
 4237 4175 4325 1498 4112 
 4777 4350 4852 3220 4275 3994 4753 4258 4338 4812 4405 4974 4708 4792 3676 1503 3877 2653 4301 2432 4169 2566 2779 2874 
 4447 2943 4108 4293 1506 4440 2003 2507 
 4892 4752 1511 4564 4619 3876 
 4663 4772 4901 3660 3833 4892 4755 3145 4564 4619 1515 3742 4734 4646 3647 4268 3634 4317 2396 3790 2698 3608 
 3219 4528 4920 3908 4855 4276 3553 4994 2212 3589 4895 3596 3788 4504 1531 2023 3547 1698 2319 4797 4571 2108 2883 3514 2802 3234 
 4778 4858 1541 2459 
 3409 4402 4614 1545 3942 3041 4124 2729 2436 3649 2795 2896 3150 
 4786 4812 1547 3284 
 4905 3199 4763 1586 
 4921 4897 1590 4244 
 2647 4051 2606 4679 2307 1611 4455 4980 1713 2312 4538 1852 4048 2751 
 4499 4899 4928 3497 3994 4885 1681 
 2918 4505 4732 3049 4104 2986 1699 4127 1972 2279 2494 3318 3458 2482 3381 
 4617 4294 4161 3643 4722 1725 2767 1728 3302 3482 2515 
 2431 3816 4344 4114 3495 4722 1734 4111 3323 
 4026 4605 1739 3909 3968 
 4889 4678 4736 3796 4713 1750 3772 
 4881 4668 3426 4775 4596 4723 4800 4146 4625 4008 4909 4256 4733 4641 4245 4161 4916 2044 2937 1770 4620 1865 4100 4259 3823 2765 2203 2229 4429 4226 2707 4107 3362 4000 
 4762 2255 4476 1785 
 3131 4739 4938 4725 4593 3957 1834 3937 4392 1892 3926 3574 4115 3082 2704 2801 3618 3319 3821 
 4495 4861 1845 4549 
 4389 1884 2070 3136 
 3965 4985 4701 4480 4907 4583 3554 3827 4273 1907 4259 3207 
 4560 4220 4332 4586 4926 4092 3191 1928 
 3103 4568 4807 4878 4814 3723 4146 3247 3813 4849 4513 4199 1942 3955 2957 3360 
 3652 4227 1952 3289 
 4859 2076 4674 3610 
 4975 4878 4242 1988 2619 4082 4760 3675 3422 3688 4576 3935 2945 2537 3712 3580 2963 3022 
 4950 2316 3536 4094 
 4626 4224 4912 2334 4230 4741 3817 2829 2104 4375 3947 4317 4077 2580 3677 2924 
 4557 4738 3910 2509 3443 4406 4597 4351 4291 4968 3758 2062 3333 4145 4072 
 4990 3946 4651 2447 
 3770 4594 4651 2151 
 4568 4607 4311 4051 4941 4542 2354 4128 3668 3038 2622 3026 3309 
 3792 4471 1989 2665 
 4463 4601 1958 4198 
 2940 4749 3074 2496 1963 2238 3939 
 4715 4376 4915 4912 4028 4116 4957 4695 4143 2551 4665 4036 3647 4394 1978 2927 2346 4180 3385 3317 3878 
 4701 3827 1984 2245 
 4626 4887 4839 4652 1993 
 4599 4187 4839 1993 
 4074 4870 2281 2352 
 4371 4560 4800 4332 4026 4047 4778 4858 4586 3812 3997 2028 2174 2977 2562 
 4975 4860 4779 4603 4356 2029 3097 3344 
 4416 4932 2036 4407 
 3766 2684 4130 4358 3940 4608 2596 2065 2366 3566 3354 3290 2725 3477 
 4985 4701 3769 2108 
 4003 4961 4717 2134 3084 
 4495 4629 4706 4458 2138 3762 
 4454 4964 4298 4688 4744 4387 4614 4379 4367 3235 2858 4188 3299 3627 3195 4804 2160 3924 2655 
 5000 4660 2161 3032 3677 
 4449 4543 3969 3358 3594 2170 2399 2417 
 3050 3621 4868 4922 4833 4484 4750 4565 3471 2727 3898 4270 3144 2183 2381 3977 
 4985 4929 4983 4017 4032 2869 2200 2763 
 4396 4595 4981 4069 4686 4501 3405 4687 3448 2202 4375 2788 3884 2820 3025 2930 
 4657 4572 4455 2213 
 3266 4689 4707 4612 2223 3300 4524 
 3925 4700 4888 3562 2792 2228 3755 
 4064 4833 2263 3036 
 4332 3812 2282 3698 
 4577 4122 4257 2310 2742 
 4577 4122 4496 2382 2425 4348 
 4937 4703 2424 3167 
 2651 4776 4792 4713 
 4443 4790 4585 4803 2560 4588 4280 4113 4534 4059 
 4972 4923 2671 2851 
 4887 4208 4784 2679 
 4175 4031 2734 2487 
 4666 4277 4605 2980 3911 2559 3970 
 3314 3505 4913 2837 
 4901 4646 4261 2571 
 4446 4846 4438 2490 
 4875 4747 4346 2538 
 4859 4674 3446 2603 
 4984 3659 4079 2674 
 4859 4674 3028 2716 
 4393 4922 4565 2745 
 4868 4922 4204 2862 
 4403 4834 4523 2886 4607 3537 4354 4302 4776 4743 4788 2932 3359 4751 4589 4240 4222 4002 4713 4991 4214 3703 3259 4556 3336 4165 2978 
 4557 3910 4469 2984 
 2923 4689 4134 3300 
 4827 2882 4367 2878 
 4806 3602 3094 4020 
 4990 4006 3770 3956 4651 4512 3149 3114 3619 
 4876 4383 4293 3020 4865 3370 
 4614 4306 3140 4804 
 4762 4740 3895 3679 2890 
 4933 3605 2933 2905 
 4667 4757 4941 3016 
 4832 4623 4828 3015 
 3734 3797 4913 4797 3113 
 4608 3817 2873 3477 
 4951 4413 4153 4262 2955 
 3215 4051 4941 2916 
 4935 4989 3406 4748 4601 4437 2967 
 3291 4762 4476 3848 
 3378 4685 3919 4228 3898 
 3377 4748 3512 4088 
 3908 3237 4315 4797 
 4859 3249 3997 4210 
 4920 3985 4994 3176 4895 
 4846 4839 3218 3680 
 4550 4644 4379 4285 3287 
 4767 4642 4822 3227 
 4920 4504 4115 3387 
 3991 4928 3888 3282 
 3576 4463 4790 4989 4306 4029 4198 4574 
 4989 3465 3966 4574 
 4855 3578 3897 4566 
 3631 4815 3560 4181 4020 
 3592 4654 4204 4059 
 4446 4447 4108 3506 
 4636 4471 4422 3519 
 4454 4443 4340 3551 
 4216 4817 4407 3487 
 4475 4815 3654 4373 3809 
 3791 4767 4577 3851 4842 3706 4822 
 4237 4175 4031 3603 
 4911 4835 4081 3684 
 4341 4466 3673 4039 
 4800 4858 3812 3698 
 4990 3822 4308 4512 
 4697 4522 4096 3829 
 3962 4743 3994 4424 
 4617 4166 4822 3892 
 4975 4779 4137 3854 
 4845 4600 4699 3947 
 4667 4886 4941 4409 3924 
 4396 3991 4928 4885 4736 4713 
 4832 4475 4857 4015 4828 
 4382 4611 4534 4059 
 4323 4892 4564 4317 
 4889 4743 4424 4736 
 4871 4855 4551 4703 
